# Model 2 with parameters of alloy RbCsCb in the paper
# For a description of the format of this file, see $WCSIM_SOURCE_DIR/doc/CathodeParameterFormat.md

#DATASTART
2 23.4 23
1.000 3.13 0.35
1.823 3.13 0.35
1.864 3.14 0.37
1.907 3.14 0.37
1.953 3.15 0.38
2.000 3.18 0.40
2.049 3.22 0.43
2.101 3.28 0.46
2.156 3.39 0.59
2.214 3.32 0.76
2.275 3.23 0.86
2.339 3.21 0.90
2.407 3.22 1.04
2.480 3.16 1.21
2.556 2.99 1.37
2.638 2.81 1.41
2.725 2.63 1.40
2.818 2.50 1.35
2.917 2.40 1.27
3.024 2.30 1.21
3.139 2.22 1.17
3.263 2.07 1.22
9.000 2.07 1.22
