# Model 2 with parameters of alloy KCsCb in the paper
# For a description of the format of this file, see $WCSIMDIR/doc/CathodeParameterFormat.md

#DATASTART
2 15.5 23
1.000 2.96 0.33
1.823 2.96 0.33
1.864 2.95 0.34
1.907 2.95 0.34
1.953 2.95 0.35
2.000 2.96 0.37
2.049 2.98 0.38
2.101 3.01 0.42
2.156 3.06 0.46
2.214 3.12 0.53
2.275 3.20 0.63
2.339 3.26 0.86
2.407 3.09 1.05
2.480 3.00 1.06
2.556 3.00 1.11
2.638 3.00 1.34
2.725 2.87 1.44
2.818 2.70 1.50
2.917 2.61 1.53
3.024 2.38 1.71
3.139 2.18 1.69
3.263 1.92 1.69
9.000 1.92 1.69