1.600000 0.000000
1.610000 0.000226
1.620000 0.000690
1.630000 0.001342
1.640000 0.002125
1.650000 0.003054
1.660000 0.004221
1.670000 0.005766
1.680000 0.007867
1.690000 0.010680
1.700000 0.014571
1.710000 0.020513
1.720000 0.030061
1.730000 0.041399
1.740000 0.054274
1.750000 0.067748
1.760000 0.080643
1.770000 0.091488
1.780000 0.100460
1.790000 0.108129
1.800000 0.114812
1.810000 0.120798
1.820000 0.126211
1.830000 0.131149
1.840000 0.135286
1.850000 0.139576
1.860000 0.143620
1.870000 0.147454
1.880000 0.151094
1.890000 0.154544
1.900000 0.157805
1.910000 0.160889
1.920000 0.163821
1.930000 0.166635
1.940000 0.169141
1.950000 0.171826
1.960000 0.174481
1.970000 0.177159
1.980000 0.179881
1.990000 0.182680
2.000000 0.185755
2.010000 0.188866
2.020000 0.192177
2.030000 0.195728
2.040000 0.199553
2.050000 0.203211
2.060000 0.206808
2.070000 0.210139
2.080000 0.213699
2.090000 0.217093
2.100000 0.220541
2.110000 0.223912
2.120000 0.227042
2.130000 0.229835
2.140000 0.232897
2.150000 0.236001
2.160000 0.239109
2.170000 0.242190
2.180000 0.244983
2.190000 0.247990
2.200000 0.250981
2.210000 0.253957
2.220000 0.256893
2.230000 0.259567
2.240000 0.262469
2.250000 0.265368
2.260000 0.268269
2.270000 0.271172
2.280000 0.273834
2.290000 0.276749
2.300000 0.279764
2.310000 0.282879
2.320000 0.285814
2.330000 0.289093
2.340000 0.292441
2.350000 0.295845
2.360000 0.298999
2.370000 0.302467
2.380000 0.305935
2.390000 0.309396
2.400000 0.312850
2.410000 0.316013
2.420000 0.319469
2.430000 0.322943
2.440000 0.326449
2.450000 0.329700
2.460000 0.333248
2.470000 0.336784
2.480000 0.340310
2.490000 0.343545
2.500000 0.347104
2.510000 0.350722
2.520000 0.354373
2.530000 0.357682
2.540000 0.361274
2.550000 0.364949
2.560000 0.368510
2.570000 0.372913
2.580000 0.378447
2.590000 0.386021
2.600000 0.395290
2.610000 0.407614
2.620000 0.419919
2.630000 0.430215
2.640000 0.437995
2.650000 0.445412
2.660000 0.452132
2.670000 0.458678
2.680000 0.464628
2.690000 0.471248
2.700000 0.477803
2.710000 0.483585
2.720000 0.489946
2.730000 0.496354
2.740000 0.503050
2.750000 0.508976
2.760000 0.515652
2.770000 0.522280
2.780000 0.529013
2.790000 0.535960
2.800000 0.544244
2.810000 0.553790
2.820000 0.562622
2.830000 0.573264
2.840000 0.584299
2.850000 0.595790
2.860000 0.606755
2.870000 0.618472
2.880000 0.631262
2.890000 0.641939
2.900000 0.654643
2.910000 0.667144
2.920000 0.678316
2.930000 0.691491
2.940000 0.703523
2.950000 0.718116
2.960000 0.728051
2.970000 0.742444
2.980000 0.754167
2.990000 0.765387
3.000000 0.779453
3.010000 0.789718
3.020000 0.805969
3.030000 0.813535
3.040000 0.828256
3.050000 0.837615
3.060000 0.846993
3.070000 0.857977
3.080000 0.866336
3.090000 0.878813
3.100000 0.885426
3.110000 0.899773
3.120000 0.906219
3.130000 0.918486
3.140000 0.928854
3.150000 0.939160
3.160000 0.949875
3.170000 0.957385
3.180000 0.970637
3.190000 0.975891
3.200000 0.986749
3.210000 0.994665
3.220000 1.000000
3.230000 0.999920
3.240000 0.992502
3.250000 0.988445
3.260000 0.981419
3.270000 0.977507
3.280000 0.970831
3.290000 0.966163
3.300000 0.960708
3.310000 0.955404
3.320000 0.951025
3.330000 0.945184
3.340000 0.942148
3.350000 0.936198
3.360000 0.932566
3.370000 0.927610
3.380000 0.923469
3.390000 0.919413
3.400000 0.914845
3.410000 0.911907
3.420000 0.906965
3.430000 0.904170
3.440000 0.899755
3.450000 0.896555
3.460000 0.892889
3.470000 0.889328
3.480000 0.886344
3.490000 0.882691
3.500000 0.880339
3.510000 0.876349
3.520000 0.874126
3.530000 0.870526
3.540000 0.867955
3.550000 0.864955
3.560000 0.862025
3.570000 0.859850
3.580000 0.856311
3.590000 0.854729
3.600000 0.851269
3.610000 0.849312
3.620000 0.846328
3.630000 0.843862
3.640000 0.841381
3.650000 0.838640
3.660000 0.836582
3.670000 0.833474
3.680000 0.832412
3.690000 0.828979
3.700000 0.827392
3.710000 0.824502
3.720000 0.822369
3.730000 0.820316
3.740000 0.817763
3.750000 0.816506
3.760000 0.813438
3.770000 0.812923
3.780000 0.810241
3.790000 0.809204
3.800000 0.806953
3.810000 0.805449
3.820000 0.804011
3.830000 0.802063
3.840000 0.801327
3.850000 0.798809
3.860000 0.798775
3.870000 0.796396
3.880000 0.795893
3.890000 0.794618
3.900000 0.793442
3.910000 0.792850
3.920000 0.791508
3.930000 0.791263
3.940000 0.789412
3.950000 0.789798
3.960000 0.787969
3.970000 0.787873
3.980000 0.786660
3.990000 0.786064
4.000000 0.785504
4.010000 0.784406
4.020000 0.784804
4.030000 0.783203
4.040000 0.783977
4.050000 0.782452
4.060000 0.782724
4.070000 0.781849
4.080000 0.781599
4.090000 0.781377
4.100000 0.780553
4.110000 0.780993
4.120000 0.779517
4.130000 0.780669
4.140000 0.779156
4.150000 0.780041
4.160000 0.778824
4.170000 0.779033
4.180000 0.778886
4.190000 0.777951
4.200000 0.778588
4.210000 0.776775
4.220000 0.778279
4.230000 0.776377
4.240000 0.777064
4.250000 0.775954
4.260000 0.776201
4.270000 0.775508
4.280000 0.774772
4.290000 0.775031
4.300000 0.773224
4.310000 0.774526
4.320000 0.772110
4.330000 0.773449
4.340000 0.771500
4.350000 0.772320
4.360000 0.770883
4.370000 0.770564
4.380000 0.770857
4.390000 0.768749
4.400000 0.770260
4.410000 0.767519
4.420000 0.769070
4.430000 0.766930
4.440000 0.767906
4.450000 0.766399
4.460000 0.766143
4.470000 0.765928
4.480000 0.764415
4.490000 0.765522
4.500000 0.762731
4.510000 0.765186
4.520000 0.762414
4.530000 0.763598
4.540000 0.762164
4.550000 0.762727
4.560000 0.761987
4.570000 0.761220
4.580000 0.761863
4.590000 0.759712
4.600000 0.761777
4.610000 0.759608
4.620000 0.760993
4.630000 0.759508
4.640000 0.760190
4.650000 0.759431
4.660000 0.758627
4.670000 0.759381
4.680000 0.757035
4.690000 0.759360
4.700000 0.756207
4.710000 0.758574
4.720000 0.756167
4.730000 0.757774
4.740000 0.756107
4.750000 0.756024
4.760000 0.755957
4.770000 0.754039
4.780000 0.755701
4.790000 0.751886
4.800000 0.755401
4.810000 0.751632
4.820000 0.754311
4.830000 0.751778
4.840000 0.752900
4.850000 0.752537
4.860000 0.752306
4.870000 0.753813
4.880000 0.752949
4.890000 0.755352
4.900000 0.752557
4.910000 0.756712
4.920000 0.753041
4.930000 0.755101
4.940000 0.752042
4.950000 0.750733
4.960000 0.748875
4.970000 0.744639
4.980000 0.743638
4.990000 0.734999
5.000000 0.739480
5.010000 0.729512
5.020000 0.730516
5.030000 0.725186
5.040000 0.723585
5.050000 0.722350
5.060000 0.719983
5.070000 0.720643
5.080000 0.716248
5.090000 0.719735
5.100000 0.714319
5.110000 0.717855
5.120000 0.713454
5.130000 0.714195
5.140000 0.712009
5.150000 0.710994
5.160000 0.709870
5.170000 0.705244
5.180000 0.707011
5.190000 0.698630
5.200000 0.703668
5.210000 0.695286
5.220000 0.698648
5.230000 0.691895
5.240000 0.691798
5.250000 0.688208
5.260000 0.684343
5.270000 0.684002
5.280000 0.676084
5.290000 0.679288
5.300000 0.669251
5.310000 0.674318
5.320000 0.664236
5.330000 0.665481
5.340000 0.659149
5.350000 0.656507
5.360000 0.653844
5.370000 0.647038
5.380000 0.648124
5.390000 0.638925
5.400000 0.641958
5.410000 0.630384
5.420000 0.633343
5.430000 0.623725
5.440000 0.622437
5.450000 0.617028
5.460000 0.613678
5.470000 0.610435
5.480000 0.603050
5.490000 0.604000
5.500000 0.592771
5.510000 0.597778
5.520000 0.586838
5.530000 0.587862
5.540000 0.581153
5.550000 0.580306
5.560000 0.575635
5.570000 0.570861
5.580000 0.570005
5.590000 0.561226
5.600000 0.564214
5.610000 0.553310
5.620000 0.558242
5.630000 0.547149
5.640000 0.547996
5.650000 0.540722
5.660000 0.537371
5.670000 0.534010
5.680000 0.528443
5.690000 0.527032
5.700000 0.517060
5.710000 0.519748
5.720000 0.507369
5.730000 0.509952
5.740000 0.499392
5.750000 0.497423
5.760000 0.490922
5.770000 0.486463
5.780000 0.481931
5.790000 0.472510
5.800000 0.472364
5.810000 0.457787
5.820000 0.462211
5.830000 0.447209
5.840000 0.449058
5.850000 0.436089
5.860000 0.432764
5.870000 0.424392
5.880000 0.415762
5.890000 0.412115
5.900000 0.398085
5.910000 0.399251
5.920000 0.382425
5.930000 0.385930
5.940000 0.369081
5.950000 0.367311
5.960000 0.355498
5.970000 0.348586
5.980000 0.341698
5.990000 0.332240
6.000000 0.327716
6.010000 0.313324
6.020000 0.313520
6.030000 0.296683
6.040000 0.296685
6.050000 0.282207
6.060000 0.279644
6.070000 0.267455
6.080000 0.259928
6.090000 0.252366
6.100000 0.239851
6.110000 0.236867
6.120000 0.221609
6.130000 0.220841
6.140000 0.202791
6.150000 0.201807
6.160000 0.185899
6.170000 0.179741
6.180000 0.168542
6.190000 0.157195
6.200000 0.150797
6.210000 0.136813
6.220000 0.132770
6.230000 0.113764
6.240000 0.114535
6.250000 0.095553
6.260000 0.091277
6.270000 0.077370
6.280000 0.070720
6.290000 0.059308
6.300000 0.047828
6.310000 0.041068
6.320000 0.026056
6.330000 0.024208
6.340000 0.008039
6.350000 0.008101
