5.060000 0.000000
5.070000 0.000051
5.080000 0.000108
5.090000 0.000182
5.100000 0.000218
5.110000 0.000256
5.120000 0.000300
5.130000 0.000351
5.140000 0.000414
5.150000 0.000484
5.160000 0.000576
5.170000 0.000682
5.180000 0.000813
5.190000 0.000963
5.200000 0.001146
5.210000 0.001371
5.220000 0.001648
5.230000 0.001970
5.240000 0.002405
5.250000 0.002920
5.260000 0.003575
5.270000 0.004366
5.280000 0.005503
5.290000 0.007094
5.300000 0.009178
5.310000 0.011680
5.320000 0.014332
5.330000 0.017280
5.340000 0.020103
5.350000 0.023029
5.360000 0.025840
5.370000 0.029055
5.380000 0.032530
5.390000 0.036075
5.400000 0.040409
5.410000 0.045024
5.420000 0.050349
5.430000 0.055393
5.440000 0.060611
5.450000 0.066534
5.460000 0.072327
5.470000 0.078614
5.480000 0.085469
5.490000 0.092824
5.500000 0.100548
5.510000 0.108504
5.520000 0.116560
5.530000 0.124743
5.540000 0.133410
5.550000 0.142496
5.560000 0.151119
5.570000 0.160768
5.580000 0.170603
5.590000 0.179699
5.600000 0.189655
5.610000 0.199549
5.620000 0.208553
5.630000 0.219085
5.640000 0.228574
5.650000 0.238011
5.660000 0.246891
5.670000 0.255452
5.680000 0.262339
5.690000 0.268760
5.700000 0.274880
5.710000 0.279816
5.720000 0.284615
5.730000 0.289257
5.740000 0.293012
5.750000 0.296742
5.760000 0.300444
5.770000 0.304007
5.780000 0.307817
5.790000 0.310984
5.800000 0.313995
5.810000 0.316833
5.820000 0.319411
5.830000 0.321768
5.840000 0.323937
5.850000 0.325932
5.860000 0.327748
5.870000 0.329362
5.880000 0.330760
5.890000 0.332033
5.900000 0.333205
5.910000 0.334316
5.920000 0.335451
5.930000 0.336736
5.940000 0.338297
5.950000 0.340225
5.960000 0.342579
5.970000 0.345362
5.980000 0.348542
5.990000 0.351646
6.000000 0.355531
6.010000 0.359774
6.020000 0.364384
6.030000 0.369394
6.040000 0.374862
6.050000 0.380150
6.060000 0.386604
6.070000 0.393643
6.080000 0.401324
6.090000 0.408781
6.100000 0.417864
6.110000 0.428269
6.120000 0.438965
6.130000 0.452654
6.140000 0.468563
6.150000 0.485399
6.160000 0.507230
6.170000 0.529193
6.180000 0.547165
6.190000 0.566666
6.200000 0.586576
6.210000 0.605632
6.220000 0.628237
6.230000 0.648346
6.240000 0.671307
6.250000 0.694474
6.260000 0.714266
6.270000 0.736031
6.280000 0.754350
6.290000 0.774821
6.300000 0.791406
6.310000 0.809241
6.320000 0.823464
6.330000 0.840189
6.340000 0.857221
6.350000 0.871395
6.360000 0.887606
6.370000 0.900214
6.380000 0.914315
6.390000 0.924864
6.400000 0.934575
6.410000 0.945401
6.420000 0.952712
6.430000 0.961184
6.440000 0.966754
6.450000 0.973666
6.460000 0.977981
6.470000 0.983654
6.480000 0.986961
6.490000 0.989809
6.500000 0.993916
6.510000 0.995711
6.520000 0.998549
6.530000 0.999129
6.540000 0.999141
6.550000 1.000000
6.560000 0.998940
6.570000 0.997570
6.580000 0.997148
6.590000 0.995181
6.600000 0.994115
6.610000 0.991648
6.620000 0.989003
6.630000 0.987135
6.640000 0.983788
6.650000 0.979907
6.660000 0.976269
6.670000 0.971383
6.680000 0.966099
6.690000 0.960961
6.700000 0.954964
6.710000 0.948726
6.720000 0.942729
6.730000 0.937155
6.740000 0.931490
6.750000 0.923414
6.760000 0.915709
6.770000 0.908374
6.780000 0.901405
6.790000 0.894820
6.800000 0.888560
6.810000 0.882627
6.820000 0.877019
6.830000 0.871761
6.840000 0.866783
6.850000 0.862091
6.860000 0.857685
6.870000 0.853599
6.880000 0.849751
6.890000 0.846151
6.900000 0.842786
6.910000 0.839743
6.920000 0.836868
6.930000 0.834216
6.940000 0.831796
6.950000 0.829637
6.960000 0.827612
6.970000 0.825757
6.980000 0.824148
6.990000 0.822741
7.000000 0.821438
7.010000 0.820268
7.020000 0.819388
7.030000 0.818578
7.040000 0.817877
7.050000 0.817304
7.060000 0.817005
7.070000 0.816680
7.080000 0.816458
7.090000 0.816480
7.100000 0.816510
7.110000 0.816574
7.120000 0.816707
7.130000 0.817180
7.140000 0.817454
7.150000 0.817770
7.160000 0.818304
7.170000 0.818894
7.180000 0.819309
7.190000 0.819719
7.200000 0.820677
7.210000 0.821167
7.220000 0.821553
7.230000 0.822668
7.240000 0.823266
7.250000 0.823894
7.260000 0.824841
7.270000 0.825821
7.280000 0.826533
7.290000 0.827116
7.300000 0.828619
7.310000 0.829240
7.320000 0.830024
7.330000 0.831275
7.340000 0.832231
7.350000 0.832884
7.360000 0.833999
7.370000 0.835269
7.380000 0.835910
7.390000 0.836852
7.400000 0.838102
7.410000 0.838854
7.420000 0.839412
7.430000 0.840945
7.440000 0.841445
7.450000 0.841889
7.460000 0.843183
7.470000 0.843905
7.480000 0.844192
7.490000 0.845195
7.500000 0.845758
7.510000 0.845841
7.520000 0.846491
7.530000 0.847084
7.540000 0.846911
7.550000 0.847387
7.560000 0.847823
7.570000 0.847744
7.580000 0.847632
7.590000 0.848429
7.600000 0.848011
7.610000 0.847797
7.620000 0.848475
7.630000 0.847953
7.640000 0.847626
7.650000 0.848183
7.660000 0.847548
7.670000 0.846880
7.680000 0.847548
7.690000 0.846800
7.700000 0.845984
7.710000 0.846535
7.720000 0.845501
7.730000 0.844277
7.740000 0.844711
7.750000 0.843237
7.760000 0.841552
7.770000 0.841872
7.780000 0.839926
7.790000 0.837768
7.800000 0.837975
7.810000 0.835559
7.820000 0.832934
7.830000 0.833033
7.840000 0.830157
7.850000 0.827084
7.860000 0.826544
7.870000 0.823207
7.880000 0.820273
7.890000 0.819581
7.900000 0.815833
7.910000 0.812505
7.920000 0.811651
7.930000 0.807399
7.940000 0.803633
7.950000 0.802604
7.960000 0.797111
7.970000 0.793669
7.980000 0.791680
7.990000 0.786437
8.000000 0.783463
8.010000 0.780410
8.020000 0.773858
8.030000 0.771443
8.040000 0.767214
8.050000 0.761066
8.060000 0.758401
8.070000 0.753843
8.080000 0.746356
8.090000 0.745333
8.100000 0.738623
8.110000 0.731956
8.120000 0.730752
8.130000 0.724117
8.140000 0.717551
8.150000 0.715310
8.160000 0.708783
8.170000 0.703912
8.180000 0.700663
8.190000 0.692971
8.200000 0.688637
8.210000 0.684256
8.220000 0.677505
8.230000 0.674119
8.240000 0.668542
8.250000 0.662222
8.260000 0.659435
8.270000 0.652916
8.280000 0.647202
8.290000 0.644291
8.300000 0.638182
8.310000 0.632966
8.320000 0.629480
8.330000 0.623896
8.340000 0.619904
8.350000 0.615452
8.360000 0.610152
8.370000 0.607114
8.380000 0.602061
8.390000 0.597239
8.400000 0.594545
8.410000 0.589537
8.420000 0.585528
8.430000 0.582149
8.440000 0.577320
8.450000 0.573979
8.460000 0.570148
8.470000 0.565717
8.480000 0.562675
8.490000 0.558798
8.500000 0.554740
8.510000 0.551699
8.520000 0.547659
8.530000 0.544034
8.540000 0.540614
8.550000 0.536635
8.560000 0.533448
8.570000 0.529718
8.580000 0.525858
8.590000 0.523097
8.600000 0.519141
8.610000 0.515595
8.620000 0.512741
8.630000 0.508963
8.640000 0.505876
8.650000 0.502673
8.660000 0.499237
8.670000 0.496581
8.680000 0.493252
8.690000 0.490125
8.700000 0.487606
8.710000 0.484291
8.720000 0.481600
8.730000 0.478813
8.740000 0.475805
8.750000 0.473567
8.760000 0.470672
8.770000 0.467990
8.780000 0.465800
8.790000 0.463102
8.800000 0.460917
8.810000 0.458652
8.820000 0.456034
8.830000 0.454522
8.840000 0.452213
8.850000 0.450151
8.860000 0.448609
8.870000 0.446445
8.880000 0.445096
8.890000 0.443538
8.900000 0.441615
8.910000 0.440856
8.920000 0.439107
8.930000 0.437923
8.940000 0.436993
8.950000 0.435669
8.960000 0.435110
8.970000 0.434136
8.980000 0.433058
8.990000 0.432996
9.000000 0.431868
9.010000 0.431607
9.020000 0.431445
9.030000 0.430416
9.040000 0.430913
9.050000 0.430207
9.060000 0.429778
9.070000 0.430317
9.080000 0.429327
9.090000 0.430050
9.100000 0.430171
9.110000 0.429164
9.120000 0.430998
9.130000 0.430048
9.140000 0.430381
9.150000 0.431264
9.160000 0.430273
9.170000 0.432819
9.180000 0.432424
9.190000 0.432536
9.200000 0.434406
9.210000 0.433452
9.220000 0.435501
9.230000 0.435806
9.240000 0.435426
9.250000 0.438460
9.260000 0.437430
9.270000 0.439219
9.280000 0.441129
9.290000 0.439937
9.300000 0.443538
9.310000 0.443123
9.320000 0.444328
9.330000 0.446505
9.340000 0.444935
9.350000 0.449059
9.360000 0.448341
9.370000 0.448447
9.380000 0.451798
9.390000 0.449561
9.400000 0.452926
9.410000 0.452793
9.420000 0.452445
9.430000 0.455952
9.440000 0.454110
9.450000 0.456208
9.460000 0.456991
9.470000 0.453237
9.480000 0.459797
9.490000 0.455821
9.500000 0.457805
9.510000 0.458236
9.520000 0.453360
9.530000 0.460333
9.540000 0.454978
9.550000 0.454535
9.560000 0.455925
9.570000 0.448697
9.580000 0.455922
9.590000 0.447697
9.600000 0.445755
9.610000 0.446278
9.620000 0.438279
9.630000 0.443446
9.640000 0.438698
9.650000 0.438049
9.660000 0.439595
9.670000 0.433443
9.680000 0.438880
9.690000 0.434714
9.700000 0.432127
9.710000 0.435547
9.720000 0.428351
9.730000 0.433608
9.740000 0.428146
9.750000 0.424566
9.760000 0.427601
9.770000 0.419656
9.780000 0.424705
9.790000 0.418878
9.800000 0.414955
9.810000 0.417678
9.820000 0.409186
9.830000 0.411633
9.840000 0.407578
9.850000 0.403419
9.860000 0.405851
9.870000 0.397518
9.880000 0.399730
9.890000 0.395688
9.900000 0.391487
9.910000 0.393598
9.920000 0.385283
9.930000 0.387154
9.940000 0.381085
9.950000 0.378963
9.960000 0.378910
9.970000 0.371297
9.980000 0.374831
9.990000 0.369235
10.000000 0.367124
10.010000 0.366835
10.020000 0.359148
10.030000 0.362120
10.040000 0.356088
10.050000 0.351656
10.060000 0.352543
10.070000 0.344603
10.080000 0.346943
10.090000 0.340808
10.100000 0.336316
10.110000 0.335145
10.120000 0.327670
10.130000 0.330936
10.140000 0.323646
10.150000 0.320773
10.160000 0.319359
10.170000 0.312372
10.180000 0.314817
10.190000 0.307927
10.200000 0.306172
10.210000 0.303168
10.220000 0.296522
10.230000 0.296953
10.240000 0.290444
10.250000 0.289482
10.260000 0.285214
10.270000 0.279862
10.280000 0.279642
10.290000 0.273260
10.300000 0.271791
10.310000 0.267350
10.320000 0.261945
10.330000 0.260197
10.340000 0.253886
10.350000 0.252819
10.360000 0.247358
10.370000 0.242750
10.380000 0.240547
10.390000 0.234273
10.400000 0.232688
10.410000 0.227154
10.420000 0.223145
10.430000 0.219078
10.440000 0.212887
10.450000 0.211609
10.460000 0.205445
10.470000 0.202051
10.480000 0.197949
10.490000 0.192073
10.500000 0.190497
10.510000 0.184165
10.520000 0.181427
10.530000 0.176989
10.540000 0.172726
10.550000 0.170012
10.560000 0.164927
10.570000 0.162395
10.580000 0.157977
10.590000 0.154568
10.600000 0.151559
10.610000 0.146637
10.620000 0.145166
10.630000 0.140158
10.640000 0.136720
10.650000 0.133202
10.660000 0.128654
10.670000 0.126772
10.680000 0.121595
10.690000 0.118669
10.700000 0.115112
10.710000 0.110438
10.720000 0.108039
10.730000 0.102688
10.740000 0.100926
10.750000 0.096099
10.760000 0.091903
10.770000 0.089512
10.780000 0.083352
10.790000 0.082262
10.800000 0.076653
10.810000 0.073659
10.820000 0.069963
10.830000 0.064309
10.840000 0.062655
10.850000 0.056958
10.860000 0.054696
10.870000 0.050355
10.880000 0.046073
10.890000 0.043856
10.900000 0.037500
10.910000 0.036101
10.920000 0.031185
10.930000 0.027767
10.940000 0.025072
10.950000 0.019719
10.960000 0.018588
10.970000 0.013534
10.980000 0.011937
10.990000 0.008577
11.000000 0.005227
11.010000 0.004054
11.020000 0.000485
