PMT position table for custom PMT placement.
Meaning of each column is:
==================================================================================================
Type is used to specify which PMT to be placed:     1 = PMT1 (nominal),
                                                    2 = PMT2 in hybrid configuration,
                                                    3 = Ex-situ mPMT in WCTE,
                                                    4 = In-situ mPMT in WCTE 
==================================================================================================
mPMTId: custom ID to override the default numbering scheme
==================================================================================================
Section is: 0 = barrel, 
            1 = top cap, 
            2 = top border ring, 
            3 = bottom cap, 
            4 = bottom border ring
==================================================================================================
X, Y, Z: PMT positions in mm. Exact values to be tuned to detector geometry at runtime
==================================================================================================
DirX, DirY, DirZ: PMT direction, just for reference
==================================================================================================
Rotation: azimuthal rotation of the PMT module
==================================================================================================
Use: enable placement (1) or not (0)
==================================================================================================


==================================================================================================
Type mPMTId Section  X(mm)  Y(mm)   Z(mm)          DirX       DirY       DirZ   Rotation(deg)  Use
==================================================================================================

#DATASTART
4 1 0 -1596.268000000 0.000000000 -155.237500000 1.000000000 0.000000000 0.000000000 -90 1
3 2 0 -1474.759333603 -610.865317215 -155.237500000 0.923879533 0.382683432 0.000000000 -90 1
4 3 0 -1128.731927391 -1128.731927391 -155.237500000 0.707106781 0.707106781 0.000000000 -90 1
3 4 0 -610.865317215 -1474.759333603 -155.237500000 0.382683432 0.923879533 0.000000000 -90 1
3 5 0 0.000000000 -1596.268000000 -155.237500000 0.000000000 1.000000000 0.000000000 -90 1
3 6 0 610.865317215 -1474.759333603 -155.237500000 -0.382683432 0.923879533 0.000000000 -90 1
3 7 0 1128.731927391 -1128.731927391 -155.237500000 -0.707106781 0.707106781 0.000000000 -90 1
3 8 0 1474.759333603 -610.865317215 -155.237500000 -0.923879533 0.382683432 0.000000000 -90 1
4 9 0 1596.268000000 0.000000000 -155.237500000 -1.000000000 0.000000000 0.000000000 -90 1
3 10 0 1474.759333603 610.865317215 -155.237500000 -0.923879533 -0.382683432 0.000000000 -90 1
4 11 0 1128.731927391 1128.731927391 -155.237500000 -0.707106781 -0.707106781 0.000000000 -90 1
4 12 0 610.865317215 1474.759333603 -155.237500000 -0.382683432 -0.923879533 0.000000000 -90 1
3 13 0 0.000000000 1596.268000000 -155.237500000 0.000000000 -1.000000000 0.000000000 -90 1
3 14 0 -610.865317215 1474.759333603 -155.237500000 0.382683432 -0.923879533 0.000000000 -90 1
3 15 0 -1128.731927391 1128.731927391 -155.237500000 0.707106781 -0.707106781 0.000000000 -90 1
4 16 0 -1474.759333603 610.865317215 -155.237500000 0.923879533 -0.382683432 0.000000000 -90 1
4 17 0 -1596.268000000 0.000000000 424.762500000 1.000000000 0.000000000 0.000000000 -90 1
4 18 0 -1474.759333603 -610.865317215 424.762500000 0.923879533 0.382683432 0.000000000 -90 1
3 19 0 -1128.731927391 -1128.731927391 424.762500000 0.707106781 0.707106781 0.000000000 -90 1
4 20 0 -610.865317215 -1474.759333603 424.762500000 0.382683432 0.923879533 0.000000000 -90 1
3 21 0 0.000000000 -1596.268000000 424.762500000 0.000000000 1.000000000 0.000000000 -90 0
4 22 0 610.865317215 -1474.759333603 424.762500000 -0.382683432 0.923879533 0.000000000 -90 1
4 23 0 1128.731927391 -1128.731927391 424.762500000 -0.707106781 0.707106781 0.000000000 -90 1
4 24 0 1474.759333603 -610.865317215 424.762500000 -0.923879533 0.382683432 0.000000000 -90 1
3 25 0 1596.268000000 0.000000000 424.762500000 -1.000000000 0.000000000 0.000000000 -90 1
4 26 0 1474.759333603 610.865317215 424.762500000 -0.923879533 -0.382683432 0.000000000 -90 1
3 27 0 1128.731927391 1128.731927391 424.762500000 -0.707106781 -0.707106781 0.000000000 -90 1
4 28 0 610.865317215 1474.759333603 424.762500000 -0.382683432 -0.923879533 0.000000000 -90 1
4 29 0 0.000000000 1596.268000000 424.762500000 0.000000000 -1.000000000 0.000000000 -90 1
3 30 0 -610.865317215 1474.759333603 424.762500000 0.382683432 -0.923879533 0.000000000 -90 1
4 31 0 -1128.731927391 1128.731927391 424.762500000 0.707106781 -0.707106781 0.000000000 -90 1
3 32 0 -1474.759333603 610.865317215 424.762500000 0.923879533 -0.382683432 0.000000000 -90 1
4 49 1 1160.000000000 580.000000000 1530.237500000 0.000000000 0.000000000 -1.000000000 -90 1
3 50 1 1160.000000000 0.000000000 1530.237500000 0.000000000 0.000000000 -1.000000000 -90 1
4 51 1 1160.000000000 -580.000000000 1530.237500000 0.000000000 0.000000000 -1.000000000 -90 1
4 52 1 580.000000000 1160.000000000 1530.237500000 0.000000000 0.000000000 -1.000000000 -90 1
3 53 1 580.000000000 580.000000000 1530.237500000 0.000000000 0.000000000 -1.000000000 -90 1
4 54 1 580.000000000 0.000000000 1530.237500000 0.000000000 0.000000000 -1.000000000 -90 1
4 55 1 580.000000000 -580.000000000 1530.237500000 0.000000000 0.000000000 -1.000000000 -90 1
3 56 1 580.000000000 -1160.000000000 1530.237500000 0.000000000 0.000000000 -1.000000000 -90 1
3 57 1 0.000000000 1160.000000000 1530.237500000 0.000000000 0.000000000 -1.000000000 -90 1
4 58 1 0.000000000 580.000000000 1530.237500000 0.000000000 0.000000000 -1.000000000 -90 1
3 59 1 0.000000000 0.000000000 1530.237500000 0.000000000 0.000000000 -1.000000000 -90 1
4 60 1 0.000000000 -580.000000000 1530.237500000 0.000000000 0.000000000 -1.000000000 -90 1
4 61 1 0.000000000 -1160.000000000 1530.237500000 0.000000000 0.000000000 -1.000000000 -90 1
4 62 1 -580.000000000 1160.000000000 1530.237500000 0.000000000 0.000000000 -1.000000000 -90 1
4 63 1 -580.000000000 580.000000000 1530.237500000 0.000000000 0.000000000 -1.000000000 -90 1
4 64 1 -580.000000000 0.000000000 1530.237500000 0.000000000 0.000000000 -1.000000000 -90 1
4 65 1 -580.000000000 -580.000000000 1530.237500000 0.000000000 0.000000000 -1.000000000 -90 1
3 66 1 -580.000000000 -1160.000000000 1530.237500000 0.000000000 0.000000000 -1.000000000 -90 1
4 67 1 -1160.000000000 580.000000000 1530.237500000 0.000000000 0.000000000 -1.000000000 -90 1
3 68 1 -1160.000000000 0.000000000 1530.237500000 0.000000000 0.000000000 -1.000000000 -90 1
4 69 1 -1160.000000000 -580.000000000 1530.237500000 0.000000000 0.000000000 -1.000000000 -90 1
4 33 2 -1596.268000000 0.000000000 1004.762500000 1.000000000 0.000000000 0.000000000 -90 1
3 34 2 -1474.759333603 -610.865317215 1004.762500000 0.923879533 0.382683432 0.000000000 -90 0
4 35 2 -1128.731927391 -1128.731927391 1004.762500000 0.707106781 0.707106781 0.000000000 -90 1
4 36 2 -610.865317215 -1474.759333603 1004.762500000 0.382683432 0.923879533 0.000000000 -90 1
3 37 2 0.000000000 -1596.268000000 1004.762500000 0.000000000 1.000000000 0.000000000 -90 1
3 38 2 610.865317215 -1474.759333603 1004.762500000 -0.382683432 0.923879533 0.000000000 -90 1
3 39 2 1128.731927391 -1128.731927391 1004.762500000 -0.707106781 0.707106781 0.000000000 -90 0
4 40 2 1474.759333603 -610.865317215 1004.762500000 -0.923879533 0.382683432 0.000000000 -90 1
4 41 2 1596.268000000 0.000000000 1004.762500000 -1.000000000 0.000000000 0.000000000 -90 1
4 42 2 1474.759333603 610.865317215 1004.762500000 -0.923879533 -0.382683432 0.000000000 -90 1
4 43 2 1128.731927391 1128.731927391 1004.762500000 -0.707106781 -0.707106781 0.000000000 -90 1
4 44 2 610.865317215 1474.759333603 1004.762500000 -0.382683432 -0.923879533 0.000000000 -90 1
4 45 2 0.000000000 1596.268000000 1004.762500000 0.000000000 -1.000000000 0.000000000 -90 1
3 46 2 -610.865317215 1474.759333603 1004.762500000 0.382683432 -0.923879533 0.000000000 -90 1
4 47 2 -1128.731927391 1128.731927391 1004.762500000 0.707106781 -0.707106781 0.000000000 -90 1
3 48 2 -1474.759333603 610.865317215 1004.762500000 0.923879533 -0.382683432 0.000000000 -90 1
4 86 3 1160.000000000 580.000000000 -1530.237500000 0.000000000 0.000000000 1.000000000 -90 1
4 87 3 1160.000000000 0.000000000 -1530.237500000 0.000000000 0.000000000 1.000000000 -90 1
4 88 3 1160.000000000 -580.000000000 -1530.237500000 0.000000000 0.000000000 1.000000000 -90 1
4 89 3 580.000000000 1160.000000000 -1530.237500000 0.000000000 0.000000000 1.000000000 -90 1
3 90 3 580.000000000 580.000000000 -1530.237500000 0.000000000 0.000000000 1.000000000 -90 1
4 91 3 580.000000000 0.000000000 -1530.237500000 0.000000000 0.000000000 1.000000000 -90 1
3 92 3 580.000000000 -580.000000000 -1530.237500000 0.000000000 0.000000000 1.000000000 -90 1
3 93 3 580.000000000 -1160.000000000 -1530.237500000 0.000000000 0.000000000 1.000000000 -90 0
4 94 3 0.000000000 1160.000000000 -1530.237500000 0.000000000 0.000000000 1.000000000 -90 1
4 95 3 0.000000000 580.000000000 -1530.237500000 0.000000000 0.000000000 1.000000000 -90 1
3 96 3 0.000000000 0.000000000 -1530.237500000 0.000000000 0.000000000 1.000000000 -90 0
4 97 3 0.000000000 -580.000000000 -1530.237500000 0.000000000 0.000000000 1.000000000 -90 1
4 98 3 0.000000000 -1160.000000000 -1530.237500000 0.000000000 0.000000000 1.000000000 -90 1
4 99 3 -580.000000000 1160.000000000 -1530.237500000 0.000000000 0.000000000 1.000000000 -90 1
3 100 3 -580.000000000 580.000000000 -1530.237500000 0.000000000 0.000000000 1.000000000 -90 1
4 101 3 -580.000000000 0.000000000 -1530.237500000 0.000000000 0.000000000 1.000000000 -90 1
3 102 3 -580.000000000 -580.000000000 -1530.237500000 0.000000000 0.000000000 1.000000000 -90 0
4 103 3 -580.000000000 -1160.000000000 -1530.237500000 0.000000000 0.000000000 1.000000000 -90 1
4 104 3 -1160.000000000 580.000000000 -1530.237500000 0.000000000 0.000000000 1.000000000 -90 1
3 105 3 -1160.000000000 0.000000000 -1530.237500000 0.000000000 0.000000000 1.000000000 -90 1
4 106 3 -1160.000000000 -580.000000000 -1530.237500000 0.000000000 0.000000000 1.000000000 -90 1
3 70 4 -1596.268000000 0.000000000 -735.237500000 1.000000000 0.000000000 0.000000000 -90 1
4 71 4 -1474.759333603 -610.865317215 -735.237500000 0.923879533 0.382683432 0.000000000 -90 1
3 72 4 -1128.731927391 -1128.731927391 -735.237500000 0.707106781 0.707106781 0.000000000 -90 0
4 73 4 -610.865317215 -1474.759333603 -735.237500000 0.382683432 0.923879533 0.000000000 -90 1
3 74 4 0.000000000 -1596.268000000 -735.237500000 0.000000000 1.000000000 0.000000000 -90 0
4 75 4 610.865317215 -1474.759333603 -735.237500000 -0.382683432 0.923879533 0.000000000 -90 1
4 76 4 1128.731927391 -1128.731927391 -735.237500000 -0.707106781 0.707106781 0.000000000 -90 1
4 77 4 1474.759333603 -610.865317215 -735.237500000 -0.923879533 0.382683432 0.000000000 -90 1
3 78 4 1596.268000000 0.000000000 -735.237500000 -1.000000000 0.000000000 0.000000000 -90 1
4 79 4 1474.759333603 610.865317215 -735.237500000 -0.923879533 -0.382683432 0.000000000 -90 1
3 80 4 1128.731927391 1128.731927391 -735.237500000 -0.707106781 -0.707106781 0.000000000 -90 1
3 81 4 610.865317215 1474.759333603 -735.237500000 -0.382683432 -0.923879533 0.000000000 -90 1
3 82 4 0.000000000 1596.268000000 -735.237500000 0.000000000 -1.000000000 0.000000000 -90 1
3 83 4 -610.865317215 1474.759333603 -735.237500000 0.382683432 -0.923879533 0.000000000 -90 1
4 84 4 -1128.731927391 1128.731927391 -735.237500000 0.707106781 -0.707106781 0.000000000 -90 1
3 85 4 -1474.759333603 610.865317215 -735.237500000 0.923879533 -0.382683432 0.000000000 -90 1