PMT position table for custom PMT placement. The direction is just for reference but not used.
Type is used to specified which PMT to be placed in hybrid configuration
mPMTId will override the default numbering scheme
Section is: 0 = barrel, 1 = top cap, 2 = top border ring, 3 = bottom cap, 4 = bottom border ring

Type mPMTId Section  X(mm)  Y(mm)   Z(mm)          DirX         DirY        DirZ   Rotation(deg)  Use

#DATASTART
1 1 0 3500.66 341.408 -2468.67 -0.980785 -0.19509 0 0 1
1 2 0 3364.84 1024.22 -2468.67 -0.980785 -0.19509 0 0 1
1 3 0 3103.54 1655.06 -2468.67 -0.83147 -0.55557 0 0 1
1 4 0 2716.75 2233.93 -2468.67 -0.83147 -0.55557 0 0 1
1 5 0 2233.93 2716.75 -2468.67 -0.55557 -0.83147 0 0 1
1 6 0 1655.06 3103.54 -2468.67 -0.55557 -0.83147 0 0 1
1 7 0 1024.22 3364.84 -2468.67 -0.19509 -0.980785 0 0 1
1 8 0 341.408 3500.66 -2468.67 -0.19509 -0.980785 0 0 1
1 9 0 -341.408 3500.66 -2468.67 0.19509 -0.980785 0 0 1
1 10 0 -1024.22 3364.84 -2468.67 0.19509 -0.980785 0 0 1
1 11 0 -1655.06 3103.54 -2468.67 0.55557 -0.83147 0 0 1
1 12 0 -2233.93 2716.75 -2468.67 0.55557 -0.83147 0 0 1
1 13 0 -2716.75 2233.93 -2468.67 0.83147 -0.55557 0 0 1
1 14 0 -3103.54 1655.06 -2468.67 0.83147 -0.55557 0 0 1
1 15 0 -3364.84 1024.22 -2468.67 0.980785 -0.19509 0 0 1
1 16 0 -3500.66 341.408 -2468.67 0.980785 -0.19509 0 0 1
1 17 0 -3500.66 -341.408 -2468.67 0.980785 0.19509 0 0 1
1 18 0 -3364.84 -1024.22 -2468.67 0.980785 0.19509 0 0 1
1 19 0 -3103.54 -1655.06 -2468.67 0.83147 0.55557 0 0 1
1 20 0 -2716.75 -2233.93 -2468.67 0.83147 0.55557 0 0 1
1 21 0 -2233.93 -2716.75 -2468.67 0.55557 0.83147 0 0 1
1 22 0 -1655.06 -3103.54 -2468.67 0.55557 0.83147 0 0 1
1 23 0 -1024.22 -3364.84 -2468.67 0.19509 0.980785 0 0 1
1 24 0 -341.408 -3500.66 -2468.67 0.19509 0.980785 0 0 1
1 25 0 341.408 -3500.66 -2468.67 -0.19509 0.980785 0 0 1
1 26 0 1024.22 -3364.84 -2468.67 -0.19509 0.980785 0 0 1
1 27 0 1655.06 -3103.54 -2468.67 -0.55557 0.83147 0 0 1
1 28 0 2233.93 -2716.75 -2468.67 -0.55557 0.83147 0 0 1
1 29 0 2716.75 -2233.93 -2468.67 -0.83147 0.55557 0 0 1
1 30 0 3103.54 -1655.06 -2468.67 -0.83147 0.55557 0 0 1
1 31 0 3364.84 -1024.22 -2468.67 -0.980785 0.19509 0 0 1
1 32 0 3500.66 -341.408 -2468.67 -0.980785 0.19509 0 0 1
1 33 0 3500.66 341.408 -1645.78 -0.980785 -0.19509 0 0 1
1 34 0 3364.84 1024.22 -1645.78 -0.980785 -0.19509 0 0 1
1 35 0 3103.54 1655.06 -1645.78 -0.83147 -0.55557 0 0 1
1 36 0 2716.75 2233.93 -1645.78 -0.83147 -0.55557 0 0 1
1 37 0 2233.93 2716.75 -1645.78 -0.55557 -0.83147 0 0 1
1 38 0 1655.06 3103.54 -1645.78 -0.55557 -0.83147 0 0 1
1 39 0 1024.22 3364.84 -1645.78 -0.19509 -0.980785 0 0 1
1 40 0 341.408 3500.66 -1645.78 -0.19509 -0.980785 0 0 1
1 41 0 -341.408 3500.66 -1645.78 0.19509 -0.980785 0 0 1
1 42 0 -1024.22 3364.84 -1645.78 0.19509 -0.980785 0 0 1
1 43 0 -1655.06 3103.54 -1645.78 0.55557 -0.83147 0 0 1
1 44 0 -2233.93 2716.75 -1645.78 0.55557 -0.83147 0 0 1
1 45 0 -2716.75 2233.93 -1645.78 0.83147 -0.55557 0 0 1
1 46 0 -3103.54 1655.06 -1645.78 0.83147 -0.55557 0 0 1
1 47 0 -3364.84 1024.22 -1645.78 0.980785 -0.19509 0 0 1
1 48 0 -3500.66 341.408 -1645.78 0.980785 -0.19509 0 0 1
1 49 0 -3500.66 -341.408 -1645.78 0.980785 0.19509 0 0 1
1 50 0 -3364.84 -1024.22 -1645.78 0.980785 0.19509 0 0 1
1 51 0 -3103.54 -1655.06 -1645.78 0.83147 0.55557 0 0 1
1 52 0 -2716.75 -2233.93 -1645.78 0.83147 0.55557 0 0 1
1 53 0 -2233.93 -2716.75 -1645.78 0.55557 0.83147 0 0 1
1 54 0 -1655.06 -3103.54 -1645.78 0.55557 0.83147 0 0 1
1 55 0 -1024.22 -3364.84 -1645.78 0.19509 0.980785 0 0 1
1 56 0 -341.408 -3500.66 -1645.78 0.19509 0.980785 0 0 1
1 57 0 341.408 -3500.66 -1645.78 -0.19509 0.980785 0 0 1
1 58 0 1024.22 -3364.84 -1645.78 -0.19509 0.980785 0 0 1
1 59 0 1655.06 -3103.54 -1645.78 -0.55557 0.83147 0 0 1
1 60 0 2233.93 -2716.75 -1645.78 -0.55557 0.83147 0 0 1
1 61 0 2716.75 -2233.93 -1645.78 -0.83147 0.55557 0 0 1
1 62 0 3103.54 -1655.06 -1645.78 -0.83147 0.55557 0 0 1
1 63 0 3364.84 -1024.22 -1645.78 -0.980785 0.19509 0 0 1
1 64 0 3500.66 -341.408 -1645.78 -0.980785 0.19509 0 0 1
1 65 0 3500.66 341.408 -822.889 -0.980785 -0.19509 0 0 1
1 66 0 3364.84 1024.22 -822.889 -0.980785 -0.19509 0 0 1
1 67 0 3103.54 1655.06 -822.889 -0.83147 -0.55557 0 0 1
1 68 0 2716.75 2233.93 -822.889 -0.83147 -0.55557 0 0 1
1 69 0 2233.93 2716.75 -822.889 -0.55557 -0.83147 0 0 1
1 70 0 1655.06 3103.54 -822.889 -0.55557 -0.83147 0 0 1
1 71 0 1024.22 3364.84 -822.889 -0.19509 -0.980785 0 0 1
1 72 0 341.408 3500.66 -822.889 -0.19509 -0.980785 0 0 1
1 73 0 -341.408 3500.66 -822.889 0.19509 -0.980785 0 0 1
1 74 0 -1024.22 3364.84 -822.889 0.19509 -0.980785 0 0 1
1 75 0 -1655.06 3103.54 -822.889 0.55557 -0.83147 0 0 1
1 76 0 -2233.93 2716.75 -822.889 0.55557 -0.83147 0 0 1
1 77 0 -2716.75 2233.93 -822.889 0.83147 -0.55557 0 0 1
1 78 0 -3103.54 1655.06 -822.889 0.83147 -0.55557 0 0 1
1 79 0 -3364.84 1024.22 -822.889 0.980785 -0.19509 0 0 1
1 80 0 -3500.66 341.408 -822.889 0.980785 -0.19509 0 0 1
1 81 0 -3500.66 -341.408 -822.889 0.980785 0.19509 0 0 1
1 82 0 -3364.84 -1024.22 -822.889 0.980785 0.19509 0 0 1
1 83 0 -3103.54 -1655.06 -822.889 0.83147 0.55557 0 0 1
1 84 0 -2716.75 -2233.93 -822.889 0.83147 0.55557 0 0 1
1 85 0 -2233.93 -2716.75 -822.889 0.55557 0.83147 0 0 1
1 86 0 -1655.06 -3103.54 -822.889 0.55557 0.83147 0 0 1
1 87 0 -1024.22 -3364.84 -822.889 0.19509 0.980785 0 0 1
1 88 0 -341.408 -3500.66 -822.889 0.19509 0.980785 0 0 1
1 89 0 341.408 -3500.66 -822.889 -0.19509 0.980785 0 0 1
1 90 0 1024.22 -3364.84 -822.889 -0.19509 0.980785 0 0 1
1 91 0 1655.06 -3103.54 -822.889 -0.55557 0.83147 0 0 1
1 92 0 2233.93 -2716.75 -822.889 -0.55557 0.83147 0 0 1
1 93 0 2716.75 -2233.93 -822.889 -0.83147 0.55557 0 0 1
1 94 0 3103.54 -1655.06 -822.889 -0.83147 0.55557 0 0 1
1 95 0 3364.84 -1024.22 -822.889 -0.980785 0.19509 0 0 1
1 96 0 3500.66 -341.408 -822.889 -0.980785 0.19509 0 0 1
1 97 0 3500.66 341.408 0 -0.980785 -0.19509 0 0 1
1 98 0 3364.84 1024.22 0 -0.980785 -0.19509 0 0 1
1 99 0 3103.54 1655.06 0 -0.83147 -0.55557 0 0 1
1 100 0 2716.75 2233.93 0 -0.83147 -0.55557 0 0 1
1 101 0 2233.93 2716.75 0 -0.55557 -0.83147 0 0 1
1 102 0 1655.06 3103.54 0 -0.55557 -0.83147 0 0 1
1 103 0 1024.22 3364.84 0 -0.19509 -0.980785 0 0 1
1 104 0 341.408 3500.66 0 -0.19509 -0.980785 0 0 1
1 105 0 -341.408 3500.66 0 0.19509 -0.980785 0 0 1
1 106 0 -1024.22 3364.84 0 0.19509 -0.980785 0 0 1
1 107 0 -1655.06 3103.54 0 0.55557 -0.83147 0 0 1
1 108 0 -2233.93 2716.75 0 0.55557 -0.83147 0 0 1
1 109 0 -2716.75 2233.93 0 0.83147 -0.55557 0 0 1
1 110 0 -3103.54 1655.06 0 0.83147 -0.55557 0 0 1
1 111 0 -3364.84 1024.22 0 0.980785 -0.19509 0 0 1
1 112 0 -3500.66 341.408 0 0.980785 -0.19509 0 0 1
1 113 0 -3500.66 -341.408 0 0.980785 0.19509 0 0 1
1 114 0 -3364.84 -1024.22 0 0.980785 0.19509 0 0 1
1 115 0 -3103.54 -1655.06 0 0.83147 0.55557 0 0 1
1 116 0 -2716.75 -2233.93 0 0.83147 0.55557 0 0 1
1 117 0 -2233.93 -2716.75 0 0.55557 0.83147 0 0 1
1 118 0 -1655.06 -3103.54 0 0.55557 0.83147 0 0 1
1 119 0 -1024.22 -3364.84 0 0.19509 0.980785 0 0 1
1 120 0 -341.408 -3500.66 0 0.19509 0.980785 0 0 1
1 121 0 341.408 -3500.66 0 -0.19509 0.980785 0 0 1
1 122 0 1024.22 -3364.84 0 -0.19509 0.980785 0 0 1
1 123 0 1655.06 -3103.54 0 -0.55557 0.83147 0 0 1
1 124 0 2233.93 -2716.75 0 -0.55557 0.83147 0 0 1
1 125 0 2716.75 -2233.93 0 -0.83147 0.55557 0 0 1
1 126 0 3103.54 -1655.06 0 -0.83147 0.55557 0 0 1
1 127 0 3364.84 -1024.22 0 -0.980785 0.19509 0 0 1
1 128 0 3500.66 -341.408 0 -0.980785 0.19509 0 0 1
1 129 0 3500.66 341.408 822.889 -0.980785 -0.19509 0 0 1
1 130 0 3364.84 1024.22 822.889 -0.980785 -0.19509 0 0 1
1 131 0 3103.54 1655.06 822.889 -0.83147 -0.55557 0 0 1
1 132 0 2716.75 2233.93 822.889 -0.83147 -0.55557 0 0 1
1 133 0 2233.93 2716.75 822.889 -0.55557 -0.83147 0 0 1
1 134 0 1655.06 3103.54 822.889 -0.55557 -0.83147 0 0 1
1 135 0 1024.22 3364.84 822.889 -0.19509 -0.980785 0 0 1
1 136 0 341.408 3500.66 822.889 -0.19509 -0.980785 0 0 1
1 137 0 -341.408 3500.66 822.889 0.19509 -0.980785 0 0 1
1 138 0 -1024.22 3364.84 822.889 0.19509 -0.980785 0 0 1
1 139 0 -1655.06 3103.54 822.889 0.55557 -0.83147 0 0 1
1 140 0 -2233.93 2716.75 822.889 0.55557 -0.83147 0 0 1
1 141 0 -2716.75 2233.93 822.889 0.83147 -0.55557 0 0 1
1 142 0 -3103.54 1655.06 822.889 0.83147 -0.55557 0 0 1
1 143 0 -3364.84 1024.22 822.889 0.980785 -0.19509 0 0 1
1 144 0 -3500.66 341.408 822.889 0.980785 -0.19509 0 0 1
1 145 0 -3500.66 -341.408 822.889 0.980785 0.19509 0 0 1
1 146 0 -3364.84 -1024.22 822.889 0.980785 0.19509 0 0 1
1 147 0 -3103.54 -1655.06 822.889 0.83147 0.55557 0 0 1
1 148 0 -2716.75 -2233.93 822.889 0.83147 0.55557 0 0 1
1 149 0 -2233.93 -2716.75 822.889 0.55557 0.83147 0 0 1
1 150 0 -1655.06 -3103.54 822.889 0.55557 0.83147 0 0 1
1 151 0 -1024.22 -3364.84 822.889 0.19509 0.980785 0 0 1
1 152 0 -341.408 -3500.66 822.889 0.19509 0.980785 0 0 1
1 153 0 341.408 -3500.66 822.889 -0.19509 0.980785 0 0 1
1 154 0 1024.22 -3364.84 822.889 -0.19509 0.980785 0 0 1
1 155 0 1655.06 -3103.54 822.889 -0.55557 0.83147 0 0 1
1 156 0 2233.93 -2716.75 822.889 -0.55557 0.83147 0 0 1
1 157 0 2716.75 -2233.93 822.889 -0.83147 0.55557 0 0 1
1 158 0 3103.54 -1655.06 822.889 -0.83147 0.55557 0 0 1
1 159 0 3364.84 -1024.22 822.889 -0.980785 0.19509 0 0 1
1 160 0 3500.66 -341.408 822.889 -0.980785 0.19509 0 0 1
1 161 0 3500.66 341.408 1645.78 -0.980785 -0.19509 0 0 1
1 162 0 3364.84 1024.22 1645.78 -0.980785 -0.19509 0 0 1
1 163 0 3103.54 1655.06 1645.78 -0.83147 -0.55557 0 0 1
1 164 0 2716.75 2233.93 1645.78 -0.83147 -0.55557 0 0 1
1 165 0 2233.93 2716.75 1645.78 -0.55557 -0.83147 0 0 1
1 166 0 1655.06 3103.54 1645.78 -0.55557 -0.83147 0 0 1
1 167 0 1024.22 3364.84 1645.78 -0.19509 -0.980785 0 0 1
1 168 0 341.408 3500.66 1645.78 -0.19509 -0.980785 0 0 1
1 169 0 -341.408 3500.66 1645.78 0.19509 -0.980785 0 0 1
1 170 0 -1024.22 3364.84 1645.78 0.19509 -0.980785 0 0 1
1 171 0 -1655.06 3103.54 1645.78 0.55557 -0.83147 0 0 1
1 172 0 -2233.93 2716.75 1645.78 0.55557 -0.83147 0 0 1
1 173 0 -2716.75 2233.93 1645.78 0.83147 -0.55557 0 0 1
1 174 0 -3103.54 1655.06 1645.78 0.83147 -0.55557 0 0 1
1 175 0 -3364.84 1024.22 1645.78 0.980785 -0.19509 0 0 1
1 176 0 -3500.66 341.408 1645.78 0.980785 -0.19509 0 0 1
1 177 0 -3500.66 -341.408 1645.78 0.980785 0.19509 0 0 1
1 178 0 -3364.84 -1024.22 1645.78 0.980785 0.19509 0 0 1
1 179 0 -3103.54 -1655.06 1645.78 0.83147 0.55557 0 0 1
1 180 0 -2716.75 -2233.93 1645.78 0.83147 0.55557 0 0 1
1 181 0 -2233.93 -2716.75 1645.78 0.55557 0.83147 0 0 1
1 182 0 -1655.06 -3103.54 1645.78 0.55557 0.83147 0 0 1
1 183 0 -1024.22 -3364.84 1645.78 0.19509 0.980785 0 0 1
1 184 0 -341.408 -3500.66 1645.78 0.19509 0.980785 0 0 1
1 185 0 341.408 -3500.66 1645.78 -0.19509 0.980785 0 0 1
1 186 0 1024.22 -3364.84 1645.78 -0.19509 0.980785 0 0 1
1 187 0 1655.06 -3103.54 1645.78 -0.55557 0.83147 0 0 1
1 188 0 2233.93 -2716.75 1645.78 -0.55557 0.83147 0 0 1
1 189 0 2716.75 -2233.93 1645.78 -0.83147 0.55557 0 0 1
1 190 0 3103.54 -1655.06 1645.78 -0.83147 0.55557 0 0 1
1 191 0 3364.84 -1024.22 1645.78 -0.980785 0.19509 0 0 1
1 192 0 3500.66 -341.408 1645.78 -0.980785 0.19509 0 0 1
1 193 0 3500.66 341.408 2468.67 -0.980785 -0.19509 0 0 1
1 194 0 3364.84 1024.22 2468.67 -0.980785 -0.19509 0 0 1
1 195 0 3103.54 1655.06 2468.67 -0.83147 -0.55557 0 0 1
1 196 0 2716.75 2233.93 2468.67 -0.83147 -0.55557 0 0 1
1 197 0 2233.93 2716.75 2468.67 -0.55557 -0.83147 0 0 1
1 198 0 1655.06 3103.54 2468.67 -0.55557 -0.83147 0 0 1
1 199 0 1024.22 3364.84 2468.67 -0.19509 -0.980785 0 0 1
1 200 0 341.408 3500.66 2468.67 -0.19509 -0.980785 0 0 1
1 201 0 -341.408 3500.66 2468.67 0.19509 -0.980785 0 0 1
1 202 0 -1024.22 3364.84 2468.67 0.19509 -0.980785 0 0 1
1 203 0 -1655.06 3103.54 2468.67 0.55557 -0.83147 0 0 1
1 204 0 -2233.93 2716.75 2468.67 0.55557 -0.83147 0 0 1
1 205 0 -2716.75 2233.93 2468.67 0.83147 -0.55557 0 0 1
1 206 0 -3103.54 1655.06 2468.67 0.83147 -0.55557 0 0 1
1 207 0 -3364.84 1024.22 2468.67 0.980785 -0.19509 0 0 1
1 208 0 -3500.66 341.408 2468.67 0.980785 -0.19509 0 0 1
1 209 0 -3500.66 -341.408 2468.67 0.980785 0.19509 0 0 1
1 210 0 -3364.84 -1024.22 2468.67 0.980785 0.19509 0 0 1
1 211 0 -3103.54 -1655.06 2468.67 0.83147 0.55557 0 0 1
1 212 0 -2716.75 -2233.93 2468.67 0.83147 0.55557 0 0 1
1 213 0 -2233.93 -2716.75 2468.67 0.55557 0.83147 0 0 1
1 214 0 -1655.06 -3103.54 2468.67 0.55557 0.83147 0 0 1
1 215 0 -1024.22 -3364.84 2468.67 0.19509 0.980785 0 0 1
1 216 0 -341.408 -3500.66 2468.67 0.19509 0.980785 0 0 1
1 217 0 341.408 -3500.66 2468.67 -0.19509 0.980785 0 0 1
1 218 0 1024.22 -3364.84 2468.67 -0.19509 0.980785 0 0 1
1 219 0 1655.06 -3103.54 2468.67 -0.55557 0.83147 0 0 1
1 220 0 2233.93 -2716.75 2468.67 -0.55557 0.83147 0 0 1
1 221 0 2716.75 -2233.93 2468.67 -0.83147 0.55557 0 0 1
1 222 0 3103.54 -1655.06 2468.67 -0.83147 0.55557 0 0 1
1 223 0 3364.84 -1024.22 2468.67 -0.980785 0.19509 0 0 1
1 224 0 3500.66 -341.408 2468.67 -0.980785 0.19509 0 0 1
1 225 1 -2835 -405 4000 0 0 -1 0 1
1 226 1 -2835 405 4000 0 0 -1 0 1
1 227 1 -2025 -1215 4000 0 0 -1 0 1
1 228 1 -2025 -405 4000 0 0 -1 0 1
1 229 1 -2025 405 4000 0 0 -1 0 1
1 230 1 -2025 1215 4000 0 0 -1 0 1
1 231 1 -1215 -2025 4000 0 0 -1 0 1
1 232 1 -1215 -1215 4000 0 0 -1 0 1
1 233 1 -1215 -405 4000 0 0 -1 0 1
1 234 1 -1215 405 4000 0 0 -1 0 1
1 235 1 -1215 1215 4000 0 0 -1 0 1
1 236 1 -1215 2025 4000 0 0 -1 0 1
1 237 1 -405 -2835 4000 0 0 -1 0 1
1 238 1 -405 -2025 4000 0 0 -1 0 1
1 239 1 -405 -1215 4000 0 0 -1 0 1
1 240 1 -405 -405 4000 0 0 -1 0 1
1 241 1 -405 405 4000 0 0 -1 0 1
1 242 1 -405 1215 4000 0 0 -1 0 1
1 243 1 -405 2025 4000 0 0 -1 0 1
1 244 1 -405 2835 4000 0 0 -1 0 1
1 245 1 405 -2835 4000 0 0 -1 0 1
1 246 1 405 -2025 4000 0 0 -1 0 1
1 247 1 405 -1215 4000 0 0 -1 0 1
1 248 1 405 -405 4000 0 0 -1 0 1
1 249 1 405 405 4000 0 0 -1 0 1
1 250 1 405 1215 4000 0 0 -1 0 1
1 251 1 405 2025 4000 0 0 -1 0 1
1 252 1 405 2835 4000 0 0 -1 0 1
1 253 1 1215 -2025 4000 0 0 -1 0 1
1 254 1 1215 -1215 4000 0 0 -1 0 1
1 255 1 1215 -405 4000 0 0 -1 0 1
1 256 1 1215 405 4000 0 0 -1 0 1
1 257 1 1215 1215 4000 0 0 -1 0 1
1 258 1 1215 2025 4000 0 0 -1 0 1
1 259 1 2025 -1215 4000 0 0 -1 0 1
1 260 1 2025 -405 4000 0 0 -1 0 1
1 261 1 2025 405 4000 0 0 -1 0 1
1 262 1 2025 1215 4000 0 0 -1 0 1
1 263 1 2835 -405 4000 0 0 -1 0 1
1 264 1 2835 405 4000 0 0 -1 0 1
1 265 2 3500.66 341.408 3291.56 -0.980785 -0.19509 0 0 1
1 266 2 3364.84 1024.22 3291.56 -0.980785 -0.19509 0 0 1
1 267 2 3103.54 1655.06 3291.56 -0.83147 -0.55557 0 0 1
1 268 2 2716.75 2233.93 3291.56 -0.83147 -0.55557 0 0 1
1 269 2 2233.93 2716.75 3291.56 -0.55557 -0.83147 0 0 1
1 270 2 1655.06 3103.54 3291.56 -0.55557 -0.83147 0 0 1
1 271 2 1024.22 3364.84 3291.56 -0.19509 -0.980785 0 0 1
1 272 2 341.408 3500.66 3291.56 -0.19509 -0.980785 0 0 1
1 273 2 -341.408 3500.66 3291.56 0.19509 -0.980785 0 0 1
1 274 2 -1024.22 3364.84 3291.56 0.19509 -0.980785 0 0 1
1 275 2 -1655.06 3103.54 3291.56 0.55557 -0.83147 0 0 1
1 276 2 -2233.93 2716.75 3291.56 0.55557 -0.83147 0 0 1
1 277 2 -2716.75 2233.93 3291.56 0.83147 -0.55557 0 0 1
1 278 2 -3103.54 1655.06 3291.56 0.83147 -0.55557 0 0 1
1 279 2 -3364.84 1024.22 3291.56 0.980785 -0.19509 0 0 1
1 280 2 -3500.66 341.408 3291.56 0.980785 -0.19509 0 0 1
1 281 2 -3500.66 -341.408 3291.56 0.980785 0.19509 0 0 1
1 282 2 -3364.84 -1024.22 3291.56 0.980785 0.19509 0 0 1
1 283 2 -3103.54 -1655.06 3291.56 0.83147 0.55557 0 0 1
1 284 2 -2716.75 -2233.93 3291.56 0.83147 0.55557 0 0 1
1 285 2 -2233.93 -2716.75 3291.56 0.55557 0.83147 0 0 1
1 286 2 -1655.06 -3103.54 3291.56 0.55557 0.83147 0 0 1
1 287 2 -1024.22 -3364.84 3291.56 0.19509 0.980785 0 0 1
1 288 2 -341.408 -3500.66 3291.56 0.19509 0.980785 0 0 1
1 289 2 341.408 -3500.66 3291.56 -0.19509 0.980785 0 0 1
1 290 2 1024.22 -3364.84 3291.56 -0.19509 0.980785 0 0 1
1 291 2 1655.06 -3103.54 3291.56 -0.55557 0.83147 0 0 1
1 292 2 2233.93 -2716.75 3291.56 -0.55557 0.83147 0 0 1
1 293 2 2716.75 -2233.93 3291.56 -0.83147 0.55557 0 0 1
1 294 2 3103.54 -1655.06 3291.56 -0.83147 0.55557 0 0 1
1 295 2 3364.84 -1024.22 3291.56 -0.980785 0.19509 0 0 1
1 296 2 3500.66 -341.408 3291.56 -0.980785 0.19509 0 0 1
1 297 3 -2835 -405 -4000 0 0 1 0 1
1 298 3 -2835 405 -4000 0 0 1 0 1
1 299 3 -2025 -1215 -4000 0 0 1 0 1
1 300 3 -2025 -405 -4000 0 0 1 0 1
1 301 3 -2025 405 -4000 0 0 1 0 1
1 302 3 -2025 1215 -4000 0 0 1 0 1
1 303 3 -1215 -2025 -4000 0 0 1 0 1
1 304 3 -1215 -1215 -4000 0 0 1 0 1
1 305 3 -1215 -405 -4000 0 0 1 0 1
1 306 3 -1215 405 -4000 0 0 1 0 1
1 307 3 -1215 1215 -4000 0 0 1 0 1
1 308 3 -1215 2025 -4000 0 0 1 0 1
1 309 3 -405 -2835 -4000 0 0 1 0 1
1 310 3 -405 -2025 -4000 0 0 1 0 1
1 311 3 -405 -1215 -4000 0 0 1 0 1
1 312 3 -405 -405 -4000 0 0 1 0 1
1 313 3 -405 405 -4000 0 0 1 0 1
1 314 3 -405 1215 -4000 0 0 1 0 1
1 315 3 -405 2025 -4000 0 0 1 0 1
1 316 3 -405 2835 -4000 0 0 1 0 1
1 317 3 405 -2835 -4000 0 0 1 0 1
1 318 3 405 -2025 -4000 0 0 1 0 1
1 319 3 405 -1215 -4000 0 0 1 0 1
1 320 3 405 -405 -4000 0 0 1 0 1
1 321 3 405 405 -4000 0 0 1 0 1
1 322 3 405 1215 -4000 0 0 1 0 1
1 323 3 405 2025 -4000 0 0 1 0 1
1 324 3 405 2835 -4000 0 0 1 0 1
1 325 3 1215 -2025 -4000 0 0 1 0 1
1 326 3 1215 -1215 -4000 0 0 1 0 1
1 327 3 1215 -405 -4000 0 0 1 0 1
1 328 3 1215 405 -4000 0 0 1 0 1
1 329 3 1215 1215 -4000 0 0 1 0 1
1 330 3 1215 2025 -4000 0 0 1 0 1
1 331 3 2025 -1215 -4000 0 0 1 0 1
1 332 3 2025 -405 -4000 0 0 1 0 1
1 333 3 2025 405 -4000 0 0 1 0 1
1 334 3 2025 1215 -4000 0 0 1 0 1
1 335 3 2835 -405 -4000 0 0 1 0 1
1 336 3 2835 405 -4000 0 0 1 0 1
1 337 4 3500.66 341.408 -3291.56 -0.980785 -0.19509 0 0 1
1 338 4 3364.84 1024.22 -3291.56 -0.980785 -0.19509 0 0 1
1 339 4 3103.54 1655.06 -3291.56 -0.83147 -0.55557 0 0 1
1 340 4 2716.75 2233.93 -3291.56 -0.83147 -0.55557 0 0 1
1 341 4 2233.93 2716.75 -3291.56 -0.55557 -0.83147 0 0 1
1 342 4 1655.06 3103.54 -3291.56 -0.55557 -0.83147 0 0 1
1 343 4 1024.22 3364.84 -3291.56 -0.19509 -0.980785 0 0 1
1 344 4 341.408 3500.66 -3291.56 -0.19509 -0.980785 0 0 1
1 345 4 -341.408 3500.66 -3291.56 0.19509 -0.980785 0 0 1
1 346 4 -1024.22 3364.84 -3291.56 0.19509 -0.980785 0 0 1
1 347 4 -1655.06 3103.54 -3291.56 0.55557 -0.83147 0 0 1
1 348 4 -2233.93 2716.75 -3291.56 0.55557 -0.83147 0 0 1
1 349 4 -2716.75 2233.93 -3291.56 0.83147 -0.55557 0 0 1
1 350 4 -3103.54 1655.06 -3291.56 0.83147 -0.55557 0 0 1
1 351 4 -3364.84 1024.22 -3291.56 0.980785 -0.19509 0 0 1
1 352 4 -3500.66 341.408 -3291.56 0.980785 -0.19509 0 0 1
1 353 4 -3500.66 -341.408 -3291.56 0.980785 0.19509 0 0 1
1 354 4 -3364.84 -1024.22 -3291.56 0.980785 0.19509 0 0 1
1 355 4 -3103.54 -1655.06 -3291.56 0.83147 0.55557 0 0 1
1 356 4 -2716.75 -2233.93 -3291.56 0.83147 0.55557 0 0 1
1 357 4 -2233.93 -2716.75 -3291.56 0.55557 0.83147 0 0 1
1 358 4 -1655.06 -3103.54 -3291.56 0.55557 0.83147 0 0 1
1 359 4 -1024.22 -3364.84 -3291.56 0.19509 0.980785 0 0 1
1 360 4 -341.408 -3500.66 -3291.56 0.19509 0.980785 0 0 1
1 361 4 341.408 -3500.66 -3291.56 -0.19509 0.980785 0 0 1
1 362 4 1024.22 -3364.84 -3291.56 -0.19509 0.980785 0 0 1
1 363 4 1655.06 -3103.54 -3291.56 -0.55557 0.83147 0 0 1
1 364 4 2233.93 -2716.75 -3291.56 -0.55557 0.83147 0 0 1
1 365 4 2716.75 -2233.93 -3291.56 -0.83147 0.55557 0 0 1
1 366 4 3103.54 -1655.06 -3291.56 -0.83147 0.55557 0 0 1
1 367 4 3364.84 -1024.22 -3291.56 -0.980785 0.19509 0 0 1
1 368 4 3500.66 -341.408 -3291.56 -0.980785 0.19509 0 0 1