  2.50E+00  7.74636E-01  
  2.60E+00  7.78038E-01  
  2.70E+00  7.79864E-01  
  2.80E+00  7.80228E-01  
  2.90E+00  7.79307E-01  
  3.00E+00  7.77212E-01  
  3.10E+00  7.74050E-01  
  3.20E+00  7.69916E-01  
  3.30E+00  7.64898E-01  
  3.40E+00  7.59072E-01  
  3.50E+00  7.52507E-01  
  3.60E+00  7.45278E-01  
  3.70E+00  7.37486E-01  
  3.80E+00  7.29256E-01  
  3.90E+00  7.20646E-01  
  4.00E+00  7.11697E-01  
  4.10E+00  7.02445E-01  
  4.20E+00  6.92926E-01  
  4.30E+00  6.83173E-01  
  4.40E+00  6.73215E-01  
  4.50E+00  6.63083E-01  
  4.60E+00  6.52804E-01  
  4.70E+00  6.42403E-01  
  4.80E+00  6.31910E-01  
  4.90E+00  6.21372E-01  
  5.00E+00  6.10809E-01  
  5.10E+00  6.00240E-01  
  5.20E+00  5.89679E-01  
  5.30E+00  5.79142E-01  
  5.40E+00  5.68643E-01  
  5.50E+00  5.58191E-01  
  5.60E+00  5.47798E-01  
  5.70E+00  5.37471E-01  
  5.80E+00  5.27215E-01  
  5.90E+00  5.17060E-01  
  6.00E+00  5.07022E-01  
  6.10E+00  4.97107E-01  
  6.20E+00  4.87322E-01  
  6.30E+00  4.77668E-01  
  6.40E+00  4.68147E-01  
  6.50E+00  4.58760E-01  
  6.60E+00  4.49511E-01  
  6.70E+00  4.40398E-01  
  6.80E+00  4.31423E-01  
  6.90E+00  4.22587E-01  
  7.00E+00  4.13891E-01  
  7.10E+00  4.05334E-01  
  7.20E+00  3.96916E-01  
  7.30E+00  3.88637E-01  
  7.40E+00  3.80499E-01  
  7.50E+00  3.72500E-01  
  7.60E+00  3.64639E-01  
  7.70E+00  3.56915E-01  
  7.80E+00  3.49325E-01  
  7.90E+00  3.41869E-01  
  8.00E+00  3.34544E-01  
  8.10E+00  3.27348E-01  
  8.20E+00  3.20282E-01  
  8.30E+00  3.13341E-01  
  8.40E+00  3.06525E-01  
  8.50E+00  2.99831E-01  
  8.60E+00  2.93266E-01  
  8.70E+00  2.86838E-01  
  8.80E+00  2.80546E-01  
  8.90E+00  2.74388E-01  
  9.00E+00  2.68361E-01  
  9.10E+00  2.62462E-01  
  9.20E+00  2.56688E-01  
  9.30E+00  2.51038E-01  
  9.40E+00  2.45508E-01  
  9.50E+00  2.40097E-01  
  9.60E+00  2.34801E-01  
  9.70E+00  2.29619E-01  
  9.80E+00  2.24547E-01  
  9.90E+00  2.19583E-01  
  1.00E+01  2.14725E-01  
  1.01E+01  2.09971E-01  
  1.02E+01  2.05318E-01  
  1.03E+01  2.00765E-01  
  1.04E+01  1.96309E-01  
  1.05E+01  1.91947E-01  
  1.06E+01  1.87679E-01  
  1.07E+01  1.83502E-01  
  1.08E+01  1.79414E-01  
  1.09E+01  1.75415E-01  
  1.10E+01  1.71500E-01  
  1.11E+01  1.67671E-01  
  1.12E+01  1.63922E-01  
  1.13E+01  1.60254E-01  
  1.14E+01  1.56665E-01  
  1.15E+01  1.53153E-01  
  1.16E+01  1.49715E-01  
  1.17E+01  1.46350E-01  
  1.18E+01  1.43057E-01  
  1.19E+01  1.39835E-01  
  1.20E+01  1.36681E-01  
  1.21E+01  1.33595E-01  
  1.22E+01  1.30578E-01  
  1.23E+01  1.27630E-01  
  1.24E+01  1.24747E-01  
  1.25E+01  1.21930E-01  
  1.26E+01  1.19175E-01  
  1.27E+01  1.16483E-01  
  1.28E+01  1.13851E-01  
  1.29E+01  1.11278E-01  
  1.30E+01  1.08763E-01  
  1.31E+01  1.06304E-01  
  1.32E+01  1.03901E-01  
  1.33E+01  1.01552E-01  
  1.34E+01  9.92563E-02  
  1.35E+01  9.70123E-02  
  1.36E+01  9.48190E-02  
  1.37E+01  9.26756E-02  
  1.38E+01  9.05806E-02  
  1.39E+01  8.85338E-02  
  1.40E+01  8.65332E-02  
  1.41E+01  8.45786E-02  
  1.42E+01  8.26688E-02  
  1.43E+01  8.08030E-02  
  1.44E+01  7.89800E-02  
  1.45E+01  7.71992E-02  
  1.46E+01  7.54595E-02  
  1.47E+01  7.37600E-02  
  1.48E+01  7.20999E-02  
  1.49E+01  7.04784E-02  
  1.50E+01  6.88946E-02  
  1.51E+01  6.73478E-02  
  1.52E+01  6.58370E-02  
  1.53E+01  6.43617E-02  
  1.54E+01  6.29209E-02  
  1.55E+01  6.15142E-02  
  1.56E+01  6.01406E-02  
  1.57E+01  5.87995E-02  
  1.58E+01  5.74902E-02  
  1.59E+01  5.62122E-02  
  1.60E+01  5.49647E-02  
  1.61E+01  5.37472E-02  
  1.62E+01  5.25590E-02  
  1.63E+01  5.13995E-02  
  1.64E+01  5.02682E-02  
  1.65E+01  4.91645E-02  
  1.66E+01  4.80858E-02  
  1.67E+01  4.70296E-02  
  1.68E+01  4.59955E-02  
  1.69E+01  4.49831E-02  
  1.70E+01  4.39918E-02  
  1.71E+01  4.30215E-02  
  1.72E+01  4.20717E-02  
  1.73E+01  4.11419E-02  
  1.74E+01  4.02318E-02  
  1.75E+01  3.93412E-02  
  1.76E+01  3.84695E-02  
  1.77E+01  3.76165E-02  
  1.78E+01  3.67819E-02  
  1.79E+01  3.59653E-02  
  1.80E+01  3.51663E-02  
  1.81E+01  3.43846E-02  
  1.82E+01  3.36201E-02  
  1.83E+01  3.28722E-02  
  1.84E+01  3.21407E-02  
  1.85E+01  3.14254E-02  
  1.86E+01  3.07257E-02  
  1.87E+01  3.00418E-02  
  1.88E+01  2.93729E-02  
  1.89E+01  2.87191E-02  
  1.90E+01  2.80799E-02  
  1.91E+01  2.74551E-02  
  1.92E+01  2.68446E-02  
  1.93E+01  2.62479E-02  
  1.94E+01  2.56649E-02  
  1.95E+01  2.50953E-02  
  1.96E+01  2.45389E-02  
  1.97E+01  2.39954E-02  
  1.98E+01  2.34646E-02  
  1.99E+01  2.29464E-02  
  2.00E+01  2.24403E-02  
  2.01E+01  2.19464E-02  
  2.02E+01  2.14643E-02  
  2.03E+01  2.09939E-02  
  2.04E+01  2.05348E-02  
  2.05E+01  2.00871E-02  
  2.06E+01  1.96504E-02  
  2.07E+01  1.92245E-02  
  2.08E+01  1.88093E-02  
  2.09E+01  1.84047E-02  
  2.10E+01  1.80102E-02  
  2.11E+01  1.76260E-02  
  2.12E+01  1.72517E-02  
  2.13E+01  1.68872E-02  
  2.14E+01  1.65324E-02  
  2.15E+01  1.61871E-02  
  2.16E+01  1.58510E-02  
  2.17E+01  1.55241E-02  
  2.18E+01  1.52063E-02  
  2.19E+01  1.48972E-02  
  2.20E+01  1.45968E-02  
  2.21E+01  1.43029E-02  
  2.22E+01  1.40144E-02  
  2.23E+01  1.37313E-02  
  2.24E+01  1.34533E-02  
  2.25E+01  1.31805E-02  
  2.26E+01  1.29129E-02  
  2.27E+01  1.26502E-02  
  2.28E+01  1.23924E-02  
  2.29E+01  1.21395E-02  
  2.30E+01  1.18914E-02  
  2.31E+01  1.16479E-02  
  2.32E+01  1.14091E-02  
  2.33E+01  1.11749E-02  
  2.34E+01  1.09451E-02  
  2.35E+01  1.07199E-02  
  2.36E+01  1.04989E-02  
  2.37E+01  1.02822E-02  
  2.38E+01  1.00698E-02  
  2.39E+01  9.86157E-03  
  2.40E+01  9.65743E-03  
  2.41E+01  9.45735E-03  
  2.42E+01  9.26125E-03  
  2.43E+01  9.06907E-03  
  2.44E+01  8.88076E-03  
  2.45E+01  8.69631E-03  
  2.46E+01  8.51558E-03  
  2.47E+01  8.33858E-03  
  2.48E+01  8.16524E-03  
  2.49E+01  7.99548E-03  
  2.50E+01  7.82927E-03  
  2.51E+01  7.66656E-03  
  2.52E+01  7.50729E-03  
  2.53E+01  7.35147E-03  
  2.54E+01  7.19894E-03  
  2.55E+01  7.04975E-03  
  2.56E+01  6.90381E-03  
  2.57E+01  6.76107E-03  
  2.58E+01  6.62146E-03  
  2.59E+01  6.48502E-03  
  2.60E+01  6.35165E-03  
  2.61E+01  6.22131E-03  
  2.62E+01  6.09395E-03  
  2.63E+01  5.96954E-03  
  2.64E+01  5.84804E-03  
  2.65E+01  5.72941E-03  
  2.66E+01  5.61361E-03  
  2.67E+01  5.50060E-03  
  2.68E+01  5.39032E-03  
  2.69E+01  5.28276E-03  
  2.70E+01  5.17788E-03  
  2.71E+01  5.07562E-03  
  2.72E+01  4.97597E-03  
  2.73E+01  4.87889E-03  
  2.74E+01  4.78433E-03  
  2.75E+01  4.69226E-03  
  2.76E+01  4.60265E-03  
  2.77E+01  4.51547E-03  
  2.78E+01  4.43068E-03  
  2.79E+01  4.34825E-03  
  2.80E+01  4.26814E-03  
  2.81E+01  4.19034E-03  
  2.82E+01  4.11479E-03  
  2.83E+01  4.04150E-03  
  2.84E+01  3.97039E-03  
  2.85E+01  3.90125E-03  
  2.86E+01  3.83338E-03  
  2.87E+01  3.76656E-03  
  2.88E+01  3.70079E-03  
  2.89E+01  3.63606E-03  
  2.90E+01  3.57236E-03  
  2.91E+01  3.50967E-03  
  2.92E+01  3.44798E-03  
  2.93E+01  3.38727E-03  
  2.94E+01  3.32754E-03  
  2.95E+01  3.26877E-03  
  2.96E+01  3.21096E-03  
  2.97E+01  3.15408E-03  
  2.98E+01  3.09814E-03  
  2.99E+01  3.04311E-03  
  3.00E+01  2.98899E-03  
  3.01E+01  2.93576E-03  
  3.02E+01  2.88342E-03  
  3.03E+01  2.83197E-03  
  3.04E+01  2.78137E-03  
  3.05E+01  2.73163E-03  
  3.06E+01  2.68273E-03  
  3.07E+01  2.63466E-03  
  3.08E+01  2.58742E-03  
  3.09E+01  2.54100E-03  
  3.10E+01  2.49538E-03  
  3.11E+01  2.45056E-03  
  3.12E+01  2.40653E-03  
  3.13E+01  2.36327E-03  
  3.14E+01  2.32078E-03  
  3.15E+01  2.27905E-03  
  3.16E+01  2.23807E-03  
  3.17E+01  2.19783E-03  
  3.18E+01  2.15834E-03  
  3.19E+01  2.11955E-03  
  3.20E+01  2.08150E-03  
  3.21E+01  2.04414E-03  
  3.22E+01  2.00750E-03  
  3.23E+01  1.97153E-03  
  3.24E+01  1.93626E-03  
  3.25E+01  1.90166E-03  
  3.26E+01  1.86773E-03  
  3.27E+01  1.83446E-03  
  3.28E+01  1.80184E-03  
  3.29E+01  1.76988E-03  
  3.30E+01  1.73854E-03  
  3.31E+01  1.70785E-03  
  3.32E+01  1.67777E-03  
  3.33E+01  1.64831E-03  
  3.34E+01  1.61946E-03  
  3.35E+01  1.59122E-03  
  3.36E+01  1.56357E-03  
  3.37E+01  1.53651E-03  
  3.38E+01  1.51004E-03  
  3.39E+01  1.48414E-03  
  3.40E+01  1.45881E-03  
  3.41E+01  1.43405E-03  
  3.42E+01  1.40984E-03  
  3.43E+01  1.38619E-03  
  3.44E+01  1.36308E-03  
  3.45E+01  1.34051E-03  
  3.46E+01  1.31847E-03  
  3.47E+01  1.29696E-03  
  3.48E+01  1.27597E-03  
  3.49E+01  1.25550E-03  
  3.50E+01  1.23554E-03  
  3.51E+01  1.21609E-03  
  3.52E+01  1.19713E-03  
  3.53E+01  1.17867E-03  
  3.54E+01  1.16069E-03  
  3.55E+01  1.14320E-03  
  3.56E+01  1.12619E-03  
  3.57E+01  1.10965E-03  
  3.58E+01  1.09357E-03  
  3.59E+01  1.07795E-03  
  3.60E+01  1.06266E-03  
  3.61E+01  1.04758E-03  
  3.62E+01  1.03269E-03  
  3.63E+01  1.01801E-03  
  3.64E+01  1.00352E-03  
  3.65E+01  9.89218E-04  
  3.66E+01  9.75108E-04  
  3.67E+01  9.61187E-04  
  3.68E+01  9.47454E-04  
  3.69E+01  9.33908E-04  
  3.70E+01  9.20543E-04  
  3.71E+01  9.07360E-04  
  3.72E+01  8.94358E-04  
  3.73E+01  8.81532E-04  
  3.74E+01  8.68883E-04  
  3.75E+01  8.56408E-04  
  3.76E+01  8.44107E-04  
  3.77E+01  8.31978E-04  
  3.78E+01  8.20014E-04  
  3.79E+01  8.08223E-04  
  3.80E+01  7.96596E-04  
  3.81E+01  7.85133E-04  
  3.82E+01  7.73835E-04  
  3.83E+01  7.62699E-04  
  3.84E+01  7.51721E-04  
  3.85E+01  7.40902E-04  
  3.86E+01  7.30241E-04  
  3.87E+01  7.19732E-04  
  3.88E+01  7.09380E-04  
  3.89E+01  6.99180E-04  
  3.90E+01  6.89133E-04  
  3.91E+01  6.79232E-04  
  3.92E+01  6.69483E-04  
  3.93E+01  6.59879E-04  
  3.94E+01  6.50418E-04  
  3.95E+01  6.41106E-04  
  3.96E+01  6.31935E-04  
  3.97E+01  6.22905E-04  
  3.98E+01  6.14015E-04  
  3.99E+01  6.05261E-04  
  4.00E+01  5.96650E-04  
  4.01E+01  5.88170E-04  
  4.02E+01  5.79829E-04  
  4.03E+01  5.71622E-04  
  4.04E+01  5.63544E-04  
  4.05E+01  5.55600E-04  
  4.06E+01  5.47785E-04  
  4.07E+01  5.40098E-04  
  4.08E+01  5.32540E-04  
  4.09E+01  5.25108E-04  
  4.10E+01  5.17802E-04  
  4.11E+01  5.10619E-04  
  4.12E+01  5.03560E-04  
  4.13E+01  4.96622E-04  
  4.14E+01  4.89806E-04  
  4.15E+01  4.83109E-04  
  4.16E+01  4.76531E-04  
  4.17E+01  4.70070E-04  
  4.18E+01  4.63726E-04  
  4.19E+01  4.57497E-04  
  4.20E+01  4.51382E-04  
  4.21E+01  4.45381E-04  
  4.22E+01  4.39493E-04  
  4.23E+01  4.33715E-04  
  4.24E+01  4.28048E-04  
  4.25E+01  4.22490E-04  
  4.26E+01  4.17041E-04  
  4.27E+01  4.11699E-04  
  4.28E+01  4.06463E-04  
  4.29E+01  4.01333E-04  
  4.30E+01  3.96307E-04  
  4.31E+01  3.91385E-04  
  4.32E+01  3.86566E-04  
  4.33E+01  3.81848E-04  
  4.34E+01  3.77231E-04  
  4.35E+01  3.72714E-04  
  4.36E+01  3.68297E-04  
  4.37E+01  3.63978E-04  
  4.38E+01  3.59755E-04  
  4.39E+01  3.55627E-04  
  4.40E+01  3.51561E-04  
  4.41E+01  3.47540E-04  
  4.42E+01  3.43564E-04  
  4.43E+01  3.39631E-04  
  4.44E+01  3.35741E-04  
  4.45E+01  3.31896E-04  
  4.46E+01  3.28093E-04  
  4.47E+01  3.24333E-04  
  4.48E+01  3.20615E-04  
  4.49E+01  3.16938E-04  
  4.50E+01  3.13304E-04  
  4.51E+01  3.09709E-04  
  4.52E+01  3.06157E-04  
  4.53E+01  3.02645E-04  
  4.54E+01  2.99172E-04  
  4.55E+01  2.95740E-04  
  4.56E+01  2.92348E-04  
  4.57E+01  2.88994E-04  
  4.58E+01  2.85680E-04  
  4.59E+01  2.82404E-04  
  4.60E+01  2.79167E-04  
  4.61E+01  2.75967E-04  
  4.62E+01  2.72806E-04  
  4.63E+01  2.69681E-04  
  4.64E+01  2.66594E-04  
  4.65E+01  2.63544E-04  
  4.66E+01  2.60530E-04  
  4.67E+01  2.57552E-04  
  4.68E+01  2.54611E-04  
  4.69E+01  2.51705E-04  
  4.70E+01  2.48834E-04  
  4.71E+01  2.45999E-04  
  4.72E+01  2.43199E-04  
  4.73E+01  2.40433E-04  
  4.74E+01  2.37701E-04  
  4.75E+01  2.35003E-04  
  4.76E+01  2.32339E-04  
  4.77E+01  2.29709E-04  
  4.78E+01  2.27112E-04  
  4.79E+01  2.24548E-04  
  4.80E+01  2.22016E-04  
  4.81E+01  2.19518E-04  
  4.82E+01  2.17051E-04  
  4.83E+01  2.14616E-04  
  4.84E+01  2.12213E-04  
  4.85E+01  2.09843E-04  
  4.86E+01  2.07502E-04  
  4.87E+01  2.05193E-04  
  4.88E+01  2.02915E-04  
  4.89E+01  2.00667E-04  
  4.90E+01  1.98449E-04  
  4.91E+01  1.96263E-04  
  4.92E+01  1.94105E-04  
  4.93E+01  1.91977E-04  
  4.94E+01  1.89878E-04  
  4.95E+01  1.87809E-04  
  4.96E+01  1.85769E-04  
  4.97E+01  1.83757E-04  
  4.98E+01  1.81774E-04  
  4.99E+01  1.79819E-04  
  5.00E+01  1.77893E-04  
