0.000000000000000000e+00 4.183350400822896317e-03
1.077223851417399847e-02 6.287098362432482108e-03
2.154447702834799694e-02 8.103859321802206125e-03
3.231671554252199541e-02 9.849782245415170459e-03
4.308895405669599388e-02 1.161755809027961023e-02
5.386119257086999235e-02 1.333337096305953900e-02
6.463343108504399082e-02 1.495342223958935277e-02
7.540566959921798929e-02 1.657084167492419921e-02
8.617790811339198775e-02 1.815288198582484108e-02
9.695014662756598622e-02 1.964158485475235930e-02
1.077223851417399847e-01 2.105570951430391427e-02
1.184946236559139832e-01 2.247629177962139763e-02
1.292668621700879816e-01 2.383319512172247731e-02
1.400391006842619801e-01 2.510986893688607266e-02
1.508113391984359786e-01 2.634573034756640050e-02
1.615835777126099770e-01 2.752901899414762418e-02
1.723558162267839755e-01 2.862889080530985758e-02
1.831280547409579740e-01 2.976090631743609494e-02
1.939002932551319724e-01 3.086630642727092311e-02
2.046725317693059709e-01 3.189073540473975205e-02
2.154447702834799694e-01 3.297942139208589335e-02
2.262170087976539679e-01 3.401052036221203362e-02
2.369892473118279663e-01 3.501358970206999016e-02
2.477614858260019648e-01 3.599802857753243296e-02
2.585337243401759633e-01 3.700761305199769258e-02
2.693059628543499340e-01 3.816567007364241038e-02
2.800782013685239602e-01 3.970580620261467131e-02
2.908504398826979864e-01 4.215750242469112202e-02
3.016226783968719571e-01 4.579547237360385992e-02
3.123949169110459279e-01 4.985650214375275668e-02
3.231671554252199541e-01 5.383180255012331994e-02
3.339393939393939803e-01 5.802183424121514638e-02
3.447116324535679510e-01 6.206347490802046479e-02
3.554838709677419217e-01 6.597559566415082954e-02
3.662561094819159480e-01 6.983898426825503603e-02
3.770283479960899742e-01 7.323267343667319573e-02
3.878005865102639449e-01 7.663638930517599479e-02
3.985728250244379156e-01 7.985943914512472208e-02
4.093450635386119418e-01 8.347430602366055774e-02
4.201173020527859681e-01 8.697490936963499231e-02
4.308895405669599388e-01 9.009151004716858813e-02
4.416617790811339095e-01 9.361587233025124577e-02
4.524340175953079357e-01 9.698483039250339888e-02
4.632062561094819619e-01 1.008256536526031255e-01
4.739784946236559326e-01 1.047421206269564531e-01
4.847507331378299034e-01 1.088964864194691545e-01
4.955229716520039296e-01 1.133017717668988872e-01
5.062952101661779558e-01 1.179909760157899778e-01
5.170674486803519265e-01 1.229405684025384055e-01
5.278396871945258972e-01 1.277591099980946443e-01
5.386119257086998680e-01 1.329164011117263122e-01
5.493841642228739497e-01 1.375775915910728286e-01
5.601564027370479204e-01 1.424483265204205817e-01
5.709286412512218911e-01 1.474967892026875227e-01
5.817008797653959729e-01 1.518609305434805434e-01
5.924731182795699436e-01 1.562695512677118870e-01
6.032453567937439143e-01 1.610588961952920672e-01
6.140175953079178850e-01 1.658389020774425349e-01
6.247898338220918557e-01 1.699539137283970769e-01
6.355620723362659374e-01 1.740911140983592287e-01
6.463343108504399082e-01 1.781830449399829652e-01
6.571065493646138789e-01 1.823471737535857784e-01
6.678787878787879606e-01 1.859907450637403870e-01
6.786510263929619313e-01 1.897987782537738644e-01
6.894232649071359020e-01 1.931406116362707204e-01
7.001955034213098727e-01 1.962971943653903095e-01
7.109677419354838435e-01 1.998499391763676747e-01
7.217399804496579252e-01 2.035693172471840784e-01
7.325122189638318959e-01 2.065176757869124913e-01
7.432844574780058666e-01 2.095844821927399515e-01
7.540566959921799484e-01 2.126349796391818758e-01
7.648289345063539191e-01 2.152125612233505847e-01
7.756011730205278898e-01 2.178401964643643107e-01
7.863734115347018605e-01 2.203164249379188366e-01
7.971456500488758312e-01 2.224247091028723200e-01
8.079178885630499130e-01 2.245368455748239234e-01
8.186901270772238837e-01 2.265771561189354188e-01
8.294623655913978544e-01 2.283254838386709062e-01
8.402346041055719361e-01 2.303483142443461806e-01
8.510068426197459068e-01 2.320361589643634426e-01
8.617790811339198775e-01 2.332699868886420336e-01
8.725513196480938483e-01 2.340843981742526114e-01
8.833235581622678190e-01 2.338425481458256128e-01
8.940957966764419007e-01 2.320874023757242277e-01
9.048680351906158714e-01 2.306126319565413030e-01
9.156402737047898421e-01 2.291539762360424448e-01
9.264125122189639239e-01 2.276022028634018535e-01
9.371847507331378946e-01 2.263821392675563760e-01
9.479569892473118653e-01 2.250163171868462819e-01
9.587292277614858360e-01 2.236818940682556434e-01
9.695014662756598067e-01 2.227247305004189104e-01
9.802737047898338885e-01 2.214733033279073504e-01
9.910459433040078592e-01 2.203906572210365400e-01
1.001818181818181941e+00 2.195314914555015762e-01
1.012590420332355912e+00 2.185162822135242877e-01
1.023362658846529882e+00 2.177561019420846677e-01
1.034134897360703853e+00 2.169494715178430788e-01
1.044907135874877824e+00 2.161636064085553921e-01
1.055679374389051794e+00 2.155297636784766768e-01
1.066451612903225765e+00 2.147994229527223076e-01
1.077223851417399736e+00 2.142985464818892571e-01
1.087996089931573929e+00 2.138319915964372042e-01
1.098768328445747899e+00 2.131437446192969154e-01
1.109540566959921870e+00 2.130338071730744354e-01
1.120312805474095841e+00 2.125099809232620096e-01
1.131085043988269812e+00 2.121323944479197587e-01
1.141857282502443782e+00 2.119893058232038274e-01
1.152629521016617753e+00 2.116189340487870940e-01
1.163401759530791946e+00 2.114668276439672923e-01
1.174173998044965916e+00 2.113047385136642420e-01
1.184946236559139887e+00 2.111812973843080754e-01
1.195718475073313858e+00 2.111542653422513460e-01
1.206490713587487829e+00 2.109728566253752102e-01
1.217262952101661799e+00 2.111838692715293508e-01
1.228035190615835770e+00 2.111199745025961472e-01
1.238807429130009741e+00 2.111530003225051688e-01
1.249579667644183711e+00 2.113519340837270166e-01
1.260351906158357904e+00 2.113199803660007203e-01
1.271124144672531875e+00 2.116490203927025582e-01
1.281896383186705846e+00 2.116832863879179183e-01
1.292668621700879816e+00 2.117552629299264966e-01
1.303440860215053787e+00 2.120633186905185597e-01
1.314213098729227758e+00 2.119974355560691748e-01
1.324985337243401728e+00 2.120928540947072394e-01
1.335757575757575921e+00 2.117632228443356857e-01
1.346529814271749892e+00 2.117723889287029260e-01
1.357302052785923863e+00 2.115300620369493234e-01
1.368074291300097833e+00 2.105251814169527280e-01
1.378846529814271804e+00 2.107099027483012865e-01
1.389618768328445775e+00 2.093125073607706998e-01
1.400391006842619745e+00 2.090503846138267174e-01
1.411163245356793716e+00 2.083644166866950309e-01
1.421935483870967687e+00 2.070943915304819527e-01
1.432707722385141880e+00 2.072960081674518062e-01
1.443479960899315850e+00 2.057001303384614621e-01
1.454252199413489821e+00 2.052272763166528291e-01
1.465024437927663792e+00 2.041706481438197995e-01
1.475796676441837763e+00 2.030908600741613557e-01
1.486568914956011733e+00 2.021609209293529497e-01
1.497341153470185704e+00 2.006111236050713842e-01
1.508113391984359897e+00 2.001809298080496347e-01
1.518885630498533867e+00 1.979826747224600614e-01
1.529657869012707838e+00 1.976135861204858513e-01
1.540430107526881809e+00 1.959798722181722019e-01
1.551202346041055780e+00 1.940552851372755738e-01
1.561974584555229750e+00 1.938423706705250105e-01
1.572746823069403721e+00 1.917326161195292700e-01
1.583519061583577692e+00 1.910262259908398208e-01
1.594291300097751662e+00 1.890914638414128712e-01
1.605063538611925855e+00 1.881342107668990682e-01
1.615835777126099826e+00 1.871385301940950430e-01
1.626608015640273797e+00 1.865112080523709248e-01
1.637380254154447767e+00 1.859949520954982671e-01
1.648152492668621738e+00 1.847932395389856597e-01
1.658924731182795709e+00 1.856998696142136140e-01
1.669696969696969679e+00 1.848231335531148600e-01
1.680469208211143872e+00 1.861108526508612471e-01
1.691241446725317843e+00 1.877601267293238507e-01
1.702013685239491814e+00 1.904183499168892180e-01
1.712785923753665784e+00 1.969179336995346419e-01
1.723558162267839755e+00 2.053955170462128110e-01
1.734330400782013726e+00 2.171128400267998693e-01
1.745102639296187697e+00 2.292620365649348790e-01
1.755874877810361667e+00 2.421365770457182542e-01
1.766647116324535638e+00 2.525530737723186703e-01
1.777419354838709831e+00 2.614051270353615619e-01
1.788191593352883801e+00 2.682304336353080187e-01
1.798963831867057772e+00 2.734931386438954060e-01
1.809736070381231743e+00 2.791125665399863398e-01
1.820508308895405714e+00 2.817235260665685304e-01
1.831280547409579684e+00 2.866591091398972280e-01
1.842052785923753655e+00 2.884198591283196889e-01
1.852825024437927848e+00 2.914204662539548463e-01
1.863597262952101818e+00 2.939154159916831932e-01
1.874369501466275789e+00 2.962571338317318559e-01
1.885141739980449760e+00 2.987550302705571648e-01
1.895913978494623731e+00 3.002111447158052893e-01
1.906686217008797701e+00 3.020608927275983402e-01
1.917458455522971672e+00 3.032018581432681659e-01
1.928230694037145643e+00 3.055364743850696452e-01
1.939002932551319613e+00 3.060767986886428482e-01
1.949775171065493806e+00 3.082047204897570558e-01
1.960547409579667777e+00 3.093530310206420442e-01
1.971319648093841748e+00 3.103333555335562322e-01
1.982091886608015718e+00 3.124438049145456531e-01
1.992864125122189689e+00 3.137303193501947418e-01
2.003636363636363882e+00 3.164179576260864324e-01
2.014408602150537853e+00 3.182064471989939358e-01
2.025180840664711823e+00 3.207866534823121674e-01
2.035953079178885794e+00 3.229648680581967968e-01
2.046725317693059765e+00 3.265560331630550928e-01
2.057497556207233735e+00 3.290607947539105349e-01
2.068269794721407706e+00 3.317956603085090439e-01
2.079042033235581677e+00 3.343673045868882920e-01
2.089814271749755648e+00 3.366781229279703358e-01
2.100586510263929618e+00 3.403707752242644546e-01
2.111358748778103589e+00 3.420696530164021865e-01
2.122130987292277560e+00 3.455080891157214507e-01
2.132903225806451530e+00 3.467515929749731551e-01
2.143675464320625501e+00 3.495055257674657967e-01
2.154447702834799472e+00 3.517355567151005391e-01
2.165219941348973887e+00 3.545459226155507904e-01
2.175992179863147857e+00 3.566252896686111784e-01
2.186764418377321828e+00 3.588438450682893688e-01
2.197536656891495799e+00 3.611609261616351430e-01
2.208308895405669769e+00 3.628225250071885899e-01
2.219081133919843740e+00 3.655084302905904914e-01
2.229853372434017711e+00 3.655845397563398103e-01
2.240625610948191682e+00 3.700386143933838690e-01
2.251397849462365652e+00 3.701858126663480353e-01
2.262170087976539623e+00 3.720363261167343172e-01
2.272942326490713594e+00 3.733422957477652293e-01
2.283714565004887564e+00 3.746401721054802292e-01
2.294486803519061535e+00 3.763128746977082439e-01
2.305259042033235506e+00 3.774828081759596943e-01
2.316031280547409477e+00 3.790764488952383382e-01
2.326803519061583891e+00 3.799581182512986599e-01
2.337575757575757862e+00 3.815853931300936530e-01
2.348347996089931833e+00 3.819961039191664964e-01
2.359120234604105804e+00 3.851199835180996178e-01
2.369892473118279774e+00 3.841008572263569509e-01
2.380664711632453745e+00 3.876711674638893546e-01
2.391436950146627716e+00 3.878387156217937837e-01
2.402209188660801686e+00 3.888425166741872885e-01
2.412981427174975657e+00 3.900458788271672916e-01
2.423753665689149628e+00 3.911032872553761863e-01
2.434525904203323599e+00 3.930424596861146203e-01
2.445298142717497569e+00 3.936476601198458103e-01
2.456070381231671540e+00 3.952271390820945585e-01
2.466842619745845511e+00 3.960638549565185240e-01
2.477614858260019481e+00 3.977894501687214146e-01
2.488387096774193452e+00 3.977099828780876201e-01
2.499159335288367423e+00 4.009309067245649394e-01
2.509931573802541838e+00 4.004791524102296885e-01
2.520703812316715808e+00 4.030723643378255616e-01
2.531476050830889779e+00 4.037695204585923792e-01
2.542248289345063750e+00 4.050060780710417196e-01
2.553020527859237720e+00 4.065538354510766506e-01
2.563792766373411691e+00 4.081074740162107251e-01
2.574565004887585662e+00 4.114008195460630568e-01
2.585337243401759633e+00 4.156385156845590623e-01
2.596109481915933603e+00 4.227234146048203800e-01
2.606881720430107574e+00 4.321047044553857908e-01
2.617653958944281545e+00 4.433474346091950680e-01
2.628426197458455515e+00 4.517960352318032835e-01
2.639198435972629486e+00 4.597390294566470748e-01
2.649970674486803457e+00 4.641987386889355749e-01
2.660742913000977428e+00 4.701094355252951051e-01
2.671515151515151842e+00 4.743192783708163884e-01
2.682287390029325813e+00 4.788448567378751353e-01
2.693059628543499784e+00 4.842427958670054156e-01
2.703831867057673755e+00 4.888116485406817091e-01
2.714604105571847725e+00 4.939780054743638238e-01
2.725376344086021696e+00 4.988618104908489892e-01
2.736148582600195667e+00 5.044651274349225556e-01
2.746920821114369637e+00 5.095481019445970983e-01
2.757693059628543608e+00 5.153900648913362081e-01
2.768465298142717579e+00 5.214330008865364352e-01
2.779237536656891550e+00 5.285053256308999137e-01
2.790009775171065520e+00 5.359739647298035203e-01
2.800782013685239491e+00 5.449962658067701859e-01
2.811554252199413462e+00 5.551684112129942061e-01
2.822326490713587432e+00 5.651033691537047376e-01
2.833098729227761403e+00 5.766891061689474185e-01
2.843870967741935374e+00 5.887522893498018384e-01
2.854643206256109789e+00 6.008860821344429448e-01
2.865415444770283759e+00 6.131050402273642286e-01
2.876187683284457730e+00 6.263908031217765293e-01
2.886959921798631701e+00 6.386979375614286747e-01
2.897732160312805672e+00 6.517660808249993165e-01
2.908504398826979642e+00 6.652788156537630115e-01
2.919276637341153613e+00 6.775116289821606630e-01
2.930048875855327584e+00 6.915538798747196125e-01
2.940821114369501554e+00 7.047246955512098676e-01
2.951593352883675525e+00 7.197024111309163752e-01
2.962365591397849496e+00 7.314593537329651118e-01
2.973137829912023467e+00 7.461254250002588018e-01
2.983910068426197437e+00 7.585566718351172133e-01
2.994682306940371408e+00 7.719758318623374249e-01
3.005454545454545379e+00 7.850550603290676888e-01
3.016226783968719793e+00 7.998400778720470283e-01
3.026999022482893764e+00 8.112669434232019361e-01
3.037771260997067735e+00 8.249772119577054585e-01
3.048543499511241706e+00 8.362535262773223010e-01
3.059315738025415676e+00 8.463533378246599348e-01
3.070087976539589647e+00 8.580522102626816361e-01
3.080860215053763618e+00 8.674105488894093829e-01
3.091632453567937588e+00 8.798940403085852013e-01
3.102404692082111559e+00 8.888775194553452108e-01
3.113176930596285530e+00 9.018219830511835511e-01
3.123949169110459501e+00 9.110644485254087988e-01
3.134721407624633471e+00 9.233818751164742933e-01
3.145493646138807442e+00 9.345162500966835983e-01
3.156265884652981413e+00 9.458746577405544587e-01
3.167038123167155383e+00 9.551610905122643880e-01
3.177810361681329354e+00 9.677355824067817025e-01
3.188582600195503325e+00 9.751469976455947597e-01
3.199354838709677740e+00 9.860487982808064933e-01
3.210127077223851710e+00 9.947327308289320991e-01
3.220899315738025681e+00 9.999928036538776599e-01
3.231671554252199652e+00 9.986799772008837506e-01
3.242443792766373623e+00 9.915103259833720761e-01
3.253216031280547593e+00 9.861853964946550866e-01
3.263988269794721564e+00 9.798588404467764024e-01
3.274760508308895535e+00 9.743290616669484372e-01
3.285532746823069505e+00 9.682487902138509073e-01
3.296304985337243476e+00 9.627241111049409383e-01
3.307077223851417447e+00 9.569544574309296614e-01
3.317849462365591418e+00 9.519671515051143507e-01
3.328621700879765388e+00 9.459897199502717013e-01
3.339393939393939359e+00 9.423323745935927587e-01
3.350166177908113330e+00 9.361384468442430773e-01
3.360938416422287744e+00 9.321019272117176957e-01
3.371710654936461715e+00 9.269026657895453880e-01
3.382482893450635686e+00 9.224629688225945978e-01
3.393255131964809657e+00 9.179268687419990247e-01
3.404027370478983627e+00 9.136626588289322726e-01
3.414799608993157598e+00 9.095362574838060654e-01
3.425571847507331569e+00 9.054090387533210160e-01
3.436344086021505539e+00 9.013706235552851886e-01
3.447116324535679510e+00 8.974794852772984832e-01
3.457888563049853481e+00 8.936645619178372746e-01
3.468660801564027452e+00 8.898061270928582234e-01
3.479433040078201422e+00 8.865142621838754122e-01
3.490205278592375393e+00 8.826442094127119331e-01
3.500977517106549364e+00 8.799499977755306235e-01
3.511749755620723334e+00 8.759614486452956816e-01
3.522521994134897305e+00 8.732194827678225746e-01
3.533294232649071276e+00 8.696805447544414536e-01
3.544066471163245691e+00 8.667369114151142195e-01
3.554838709677419661e+00 8.635389061787784870e-01
3.565610948191593632e+00 8.608061465937821843e-01
3.576383186705767603e+00 8.575925549825504923e-01
3.587155425219941574e+00 8.551809651898161224e-01
3.597927663734115544e+00 8.519880518095903632e-01
3.608699902248289515e+00 8.495682676145416279e-01
3.619472140762463486e+00 8.464877304798013036e-01
3.630244379276637456e+00 8.438032828573136523e-01
3.641016617790811427e+00 8.411046824022453405e-01
3.651788856304985398e+00 8.382737632047472243e-01
3.662561094819159369e+00 8.357883054065328166e-01
3.673333333333333339e+00 8.331222233960554613e-01
3.684105571847507310e+00 8.310050411618984390e-01
3.694877810361681281e+00 8.282074037861640869e-01
3.705650048875855695e+00 8.257616171015205175e-01
3.716422287390029666e+00 8.231341985804911943e-01
3.727194525904203637e+00 8.208938439847149882e-01
3.737966764418377608e+00 8.182845970891184928e-01
3.748739002932551578e+00 8.166667866867424186e-01
3.759511241446725549e+00 8.135900588711684200e-01
3.770283479960899520e+00 8.128497055594559040e-01
3.781055718475073490e+00 8.101341161859726414e-01
3.791827956989247461e+00 8.087946522978324282e-01
3.802600195503421432e+00 8.065645864594430670e-01
3.813372434017595403e+00 8.049661329958773814e-01
3.824144672531769373e+00 8.032059683732328814e-01
3.834916911045943344e+00 8.017036468902202229e-01
3.845689149560117315e+00 7.998969127951049973e-01
3.856461388074291285e+00 7.987898695857039710e-01
3.867233626588465256e+00 7.970564168654712400e-01
3.878005865102639227e+00 7.959954960534182389e-01
3.888778103616813642e+00 7.947764335585765227e-01
3.899550342130987612e+00 7.934974348991997717e-01
3.910322580645161583e+00 7.928095687798567548e-01
3.921094819159335554e+00 7.914833863875136988e-01
3.931867057673509525e+00 7.909203535154888387e-01
3.942639296187683495e+00 7.895163840299082025e-01
3.953411534701857466e+00 7.891762909051162067e-01
3.964183773216031437e+00 7.879311052140246519e-01
3.974956011730205407e+00 7.872742370062155715e-01
3.985728250244379378e+00 7.863213233916058753e-01
3.996500488758553349e+00 7.857027526517559313e-01
4.007272727272727764e+00 7.847081127150693503e-01
4.018044965786901734e+00 7.847285715632145164e-01
4.028817204301075705e+00 7.833952160599509940e-01
4.039589442815249676e+00 7.839483094849507561e-01
4.050361681329423647e+00 7.824646810976244593e-01
4.061133919843597617e+00 7.826271519127807608e-01
4.071906158357771588e+00 7.818043119469375579e-01
4.082678396871945559e+00 7.815423448687645047e-01
4.093450635386119529e+00 7.810956691502851656e-01
4.104222873900293500e+00 7.807417088855234111e-01
4.114995112414467471e+00 7.802585820475742562e-01
4.125767350928641441e+00 7.801840525469911913e-01
4.136539589442815412e+00 7.796820335330497675e-01
4.147311827956989383e+00 7.798054253364564703e-01
4.158084066471163354e+00 7.790595709204723995e-01
4.168856304985337324e+00 7.790119220642460762e-01
4.179628543499511295e+00 7.788945517073369018e-01
4.190400782013685266e+00 7.779797121317995057e-01
4.201173020527859236e+00 7.783781810610984619e-01
4.211945259042033207e+00 7.770706607218522688e-01
4.222717497556207178e+00 7.777651057438733639e-01
4.233489736070381149e+00 7.766193647706450820e-01
4.244261974584555119e+00 7.765937235844712072e-01
4.255034213098729090e+00 7.760815784101415815e-01
4.265806451612903061e+00 7.758014214876618464e-01
4.276578690127077031e+00 7.750266950231217145e-01
4.287350928641251002e+00 7.749656093263562751e-01
4.298123167155424973e+00 7.735664304337663832e-01
4.308895405669598944e+00 7.743850131433976935e-01
4.319667644183773803e+00 7.721933696024633198e-01
4.330439882697947773e+00 7.733664008746365948e-01
4.341212121212121744e+00 7.716020122063610431e-01
4.351984359726295715e+00 7.720380441960353890e-01
4.362756598240469685e+00 7.707982600758581659e-01
4.373528836754643656e+00 7.706701334426476757e-01
4.384301075268817627e+00 7.699527253357162371e-01
4.395073313782991598e+00 7.695183472241583500e-01
4.405845552297165568e+00 7.686604553143968621e-01
4.416617790811339539e+00 7.685479671137810387e-01
4.427390029325513510e+00 7.674912508689760715e-01
4.438162267839687480e+00 7.677292155126489437e-01
4.448934506353861451e+00 7.665626652089009285e-01
4.459706744868035422e+00 7.661534105757099589e-01
4.470478983382209393e+00 7.658583389500850380e-01
4.481251221896383363e+00 7.645565970648151577e-01
4.492023460410557334e+00 7.649605162665789049e-01
4.502795698924731305e+00 7.634202862553299829e-01
4.513567937438905275e+00 7.641999851420788747e-01
4.524340175953079246e+00 7.629304716782111528e-01
4.535112414467253217e+00 7.628674859725627089e-01
4.545884652981427188e+00 7.624980299547193807e-01
4.556656891495601158e+00 7.622375270487743437e-01
4.567429130009775129e+00 7.614199334723663615e-01
4.578201368523949100e+00 7.617505217498861114e-01
4.588973607038123070e+00 7.599362158794230604e-01
4.599745845552297041e+00 7.617278163430977189e-01
4.610518084066471012e+00 7.596826198936279528e-01
4.621290322580644983e+00 7.608039945693421124e-01
4.632062561094818953e+00 7.596514523116609796e-01
4.642834799608992924e+00 7.599775997008344497e-01
4.653607038123167783e+00 7.591438103031042939e-01
4.664379276637341754e+00 7.589602555559845642e-01
4.675151515151515724e+00 7.581757544041054508e-01
4.685923753665689695e+00 7.584154780791748651e-01
4.696695992179863666e+00 7.572518172587777707e-01
4.707468230694037636e+00 7.579775736472164072e-01
4.718240469208211607e+00 7.565930901748960657e-01
4.729012707722385578e+00 7.576178719512352000e-01
4.739784946236559549e+00 7.561461074608570865e-01
4.750557184750733519e+00 7.560230141541597337e-01
4.761329423264907490e+00 7.557052007079828604e-01
4.772101661779081461e+00 7.543914275875597264e-01
4.782873900293255431e+00 7.546078322414769834e-01
4.793646138807429402e+00 7.531706369574990845e-01
4.804418377321603373e+00 7.537388281561999692e-01
4.815190615835777344e+00 7.530257324846161282e-01
4.825962854349951314e+00 7.528039921980553828e-01
4.836735092864125285e+00 7.525367499679144201e-01
4.847507331378299256e+00 7.526307531007514484e-01
4.858279569892473226e+00 7.523489160399647879e-01
4.869051808406647197e+00 7.536728619045014455e-01
4.879824046920821168e+00 7.529670558842842532e-01
4.890596285434995139e+00 7.551886052318359521e-01
4.901368523949169109e+00 7.531282671009441598e-01
4.912140762463343080e+00 7.559292167262315898e-01
4.922913000977517051e+00 7.536437371317304956e-01
4.933685239491691021e+00 7.539763936299372915e-01
4.944457478005864992e+00 7.514612339835667898e-01
4.955229716520038963e+00 7.497644651596124810e-01
4.966001955034212934e+00 7.463360515863336486e-01
4.976774193548386904e+00 7.439641632779246949e-01
4.987546432062560875e+00 7.371217794749854724e-01
4.998318670576734846e+00 7.387298105908868262e-01
5.009090909090909705e+00 7.304219185637200740e-01
5.019863147605083675e+00 7.305056819781258204e-01
5.030635386119257646e+00 7.250877320079549548e-01
5.041407624633431617e+00 7.234146876432867579e-01
5.052179863147605587e+00 7.218375320826315722e-01
5.062952101661779558e+00 7.201876667600433102e-01
5.073724340175953529e+00 7.190372095919287387e-01
5.084496578690127500e+00 7.178724110072084441e-01
5.095268817204301470e+00 7.169600611585186245e-01
5.106041055718475441e+00 7.165482941569787378e-01
5.116813294232649412e+00 7.149662122560126454e-01
5.127585532746823382e+00 7.141449005424106433e-01
5.138357771260997353e+00 7.125205328780549463e-01
5.149130009775171324e+00 7.112617104136427226e-01
5.159902248289345295e+00 7.100959188380003839e-01
5.170674486803519265e+00 7.056214784017673658e-01
5.181446725317693236e+00 7.061087885828468691e-01
5.192218963831867207e+00 7.001207374609796918e-01
5.202991202346041177e+00 7.016101577877262852e-01
5.213763440860215148e+00 6.970965548298162506e-01
5.224535679374389119e+00 6.962473287537057631e-01
5.235307917888563090e+00 6.926553704662280486e-01
5.246080156402737060e+00 6.906167918522606586e-01
5.256852394916911031e+00 6.867996069762477562e-01
5.267624633431085002e+00 6.856197969972922523e-01
5.278396871945258972e+00 6.793089428882091996e-01
5.289169110459432943e+00 6.815787019256936974e-01
5.299941348973606914e+00 6.726755268633848317e-01
5.310713587487780885e+00 6.779550265035049206e-01
5.321485826001954855e+00 6.698406489163629685e-01
5.332258064516128826e+00 6.706245964569296225e-01
5.343030303030303685e+00 6.660482668337742718e-01
5.353802541544477656e+00 6.643334411217580726e-01
5.364574780058651626e+00 6.607474624065513558e-01
5.375347018572825597e+00 6.589564445951151539e-01
5.386119257086999568e+00 6.552209384019931360e-01
5.396891495601173538e+00 6.553407298822049309e-01
5.407663734115347509e+00 6.492035403232643276e-01
5.418435972629521480e+00 6.510378813160074829e-01
5.429208211143695451e+00 6.446524483816098439e-01
5.439980449657869421e+00 6.446613725977666798e-01
5.450752688172043392e+00 6.413322631079445557e-01
5.461524926686217363e+00 6.400556373325280157e-01
5.472297165200391333e+00 6.381414070898857593e-01
5.483069403714565304e+00 6.355080076373941234e-01
5.493841642228739275e+00 6.348090796045998685e-01
5.504613880742913246e+00 6.332935899965068671e-01
5.515386119257087216e+00 6.332593675836946101e-01
5.526158357771261187e+00 6.320524710479547004e-01
5.536930596285435158e+00 6.311511268610644487e-01
5.547702834799609128e+00 6.319801245426320824e-01
5.558475073313783099e+00 6.312707489946290940e-01
5.569247311827957070e+00 6.298974416798307496e-01
5.580019550342131041e+00 6.325434271486152227e-01
5.590791788856305011e+00 6.276352550230225313e-01
5.601564027370478982e+00 6.326092543802938062e-01
5.612336265884652953e+00 6.283939925240605850e-01
5.623108504398826923e+00 6.324552688163453951e-01
5.633880742913000894e+00 6.291503231531523355e-01
5.644652981427174865e+00 6.300220801227128797e-01
5.655425219941348836e+00 6.279305243296970929e-01
5.666197458455522806e+00 6.277492556511864441e-01
5.676969696969696777e+00 6.255443066536300334e-01
5.687741935483870748e+00 6.253525198712801547e-01
5.698514173998045607e+00 6.189850642463821107e-01
5.709286412512219577e+00 6.220136592849655477e-01
5.720058651026393548e+00 6.117402693180803430e-01
5.730830889540567519e+00 6.152370422157787955e-01
5.741603128054741489e+00 6.067204947079426480e-01
5.752375366568915460e+00 6.049932752156675919e-01
5.763147605083089431e+00 6.000788163782206919e-01
5.773919843597263402e+00 5.966890593184888125e-01
5.784692082111437372e+00 5.909071556391641833e-01
5.795464320625611343e+00 5.870462869890583635e-01
5.806236559139785314e+00 5.790392341035403012e-01
5.817008797653959284e+00 5.777081667543506605e-01
5.827781036168133255e+00 5.683128207245380370e-01
5.838553274682307226e+00 5.674374132630599643e-01
5.849325513196481197e+00 5.564076859285465027e-01
5.860097751710655167e+00 5.528469911290343486e-01
5.870869990224829138e+00 5.444373432871443264e-01
5.881642228739003109e+00 5.365034758096797196e-01
5.892414467253177079e+00 5.305615793888538434e-01
5.903186705767351050e+00 5.207466852698163784e-01
5.913958944281525021e+00 5.153223351214941683e-01
5.924731182795698992e+00 5.072898849903997309e-01
5.935503421309872962e+00 5.004272481455943611e-01
5.946275659824046933e+00 4.924407281484023402e-01
5.957047898338220904e+00 4.843279542806521176e-01
5.967820136852394874e+00 4.764881824055594572e-01
5.978592375366568845e+00 4.702866683955292393e-01
5.989364613880742816e+00 4.616898411379863898e-01
6.000136852394916787e+00 4.578859858482589029e-01
6.010909090909090757e+00 4.453968746971523895e-01
6.021681329423264728e+00 4.445890037998480038e-01
6.032453567937439587e+00 4.326033938038318372e-01
6.043225806451613558e+00 4.300732352525440949e-01
6.053998044965787528e+00 4.214999334955002452e-01
6.064770283479961499e+00 4.167977756500941822e-01
6.075542521994135470e+00 4.091618329701953161e-01
6.086314760508309440e+00 4.040132355013080767e-01
6.097086999022483411e+00 3.957244253767720488e-01
6.107859237536657382e+00 3.937013182392887778e-01
6.118631476050831353e+00 3.840944849318645993e-01
6.129403714565005323e+00 3.865393736986975082e-01
6.140175953079179294e+00 3.746671267466337718e-01
6.150948191593353265e+00 3.790138350888749286e-01
6.161720430107527235e+00 3.721844397566137497e-01
6.172492668621701206e+00 3.726034488288423874e-01
6.183264907135875177e+00 3.677717286423873855e-01
6.194037145650049148e+00 3.653075664782488574e-01
6.204809384164223118e+00 3.624795765246801582e-01
6.215581622678397089e+00 3.612159684249878211e-01
6.226353861192571060e+00 3.556992320359367854e-01
6.237126099706745030e+00 3.580049003402500096e-01
6.247898338220919001e+00 3.523607701106673540e-01
6.258670576735092972e+00 3.527404605457036824e-01
6.269442815249266943e+00 3.475391164605039496e-01
6.280215053763440913e+00 3.471910006994189946e-01
6.290987292277614884e+00 3.428338386209618394e-01
6.301759530791788855e+00 3.379286152495394879e-01
6.312531769305962825e+00 3.352653903845492223e-01
6.323304007820136796e+00 3.293630773777216914e-01
6.334076246334310767e+00 3.281856710056564874e-01
6.344848484848484738e+00 3.248558009310560935e-01
6.355620723362658708e+00 3.263445100002898558e-01
6.366392961876832679e+00 3.283491673205956030e-01
6.377165200391006650e+00 3.337203873323599801e-01
6.387937438905181509e+00 3.382551607345443689e-01
6.398709677419355479e+00 3.421536485443913422e-01
6.409481915933529450e+00 3.463759282989910537e-01
6.420254154447703421e+00 3.493408424612932661e-01
6.431026392961877391e+00 3.525771921477240944e-01
6.441798631476051362e+00 3.548655070975221260e-01
6.452570869990225333e+00 3.573501927228859287e-01
6.463343108504399304e+00 3.592206387862532657e-01
6.474115347018573274e+00 3.611040275217929363e-01
6.484887585532747245e+00 3.623276716638704764e-01
6.495659824046921216e+00 3.637135279951060896e-01
6.506432062561095186e+00 3.647904043052826450e-01
6.517204301075269157e+00 3.657748394658728586e-01
6.527976539589443128e+00 3.662351936846746092e-01
6.538748778103617099e+00 3.662819868286367742e-01
6.549521016617791069e+00 3.665824209349216045e-01
6.560293255131965040e+00 3.661940548268567408e-01
6.571065493646139011e+00 3.656903232008301696e-01
6.581837732160312981e+00 3.654193490474720862e-01
6.592609970674486952e+00 3.647288811891209459e-01
6.603382209188660923e+00 3.641342246095370938e-01
6.614154447702834894e+00 3.631329917600011892e-01
6.624926686217008864e+00 3.622287070295960310e-01
6.635698924731182835e+00 3.611818601603802303e-01
6.646471163245356806e+00 3.597334188826554202e-01
6.657243401759530776e+00 3.582655135869889373e-01
6.668015640273704747e+00 3.564621734596038483e-01
6.678787878787878718e+00 3.544044222925641918e-01
6.689560117302052689e+00 3.523688449169158909e-01
6.700332355816226659e+00 3.500113058451236325e-01
6.711104594330400630e+00 3.475576501842663757e-01
6.721876832844575489e+00 3.452187272545090280e-01
6.732649071358749460e+00 3.430085345011685827e-01
6.743421309872923430e+00 3.404689546246231213e-01
6.754193548387097401e+00 3.373366880364386255e-01
6.764965786901271372e+00 3.343613833747751674e-01
6.775738025415445343e+00 3.315418349164978573e-01
6.786510263929619313e+00 3.288814233133387499e-01
6.797282502443793284e+00 3.263677118985474634e-01
6.808054740957967255e+00 3.239922255734754564e-01
6.818826979472141225e+00 3.217543520218419939e-01
6.829599217986315196e+00 3.196627338472691759e-01
6.840371456500489167e+00 3.176966567033598365e-01
6.851143695014663137e+00 3.158558238892177350e-01
6.861915933528837108e+00 3.141383036084593461e-01
6.872688172043011079e+00 3.125482657228644268e-01
6.883460410557185050e+00 3.110600178359919088e-01
6.894232649071359020e+00 3.096747365960435538e-01
6.905004887585532991e+00 3.084051400306399016e-01
6.915777126099706962e+00 3.072390769146328693e-01
6.926549364613880932e+00 3.061571809103639241e-01
6.937321603128054903e+00 3.051720653098566327e-01
6.948093841642228874e+00 3.042939658943372705e-01
6.958866080156402845e+00 3.034848966223996358e-01
6.969638318670576815e+00 3.027453548030959452e-01
6.980410557184750786e+00 3.021094923445959979e-01
6.991182795698924757e+00 3.015585245264728043e-01
7.001955034213098727e+00 3.010534434895654199e-01
7.012727272727272698e+00 3.006203575206803924e-01
7.023499511241446669e+00 3.002819721112640061e-01
7.034271749755620640e+00 2.999791112556661199e-01
7.045043988269794610e+00 2.997259691486570121e-01
7.055816226783968581e+00 2.995579995969088749e-01
7.066588465298142552e+00 2.994335273790891261e-01
7.077360703812317411e+00 2.993331741307594385e-01
7.088132942326491381e+00 2.993181470887958384e-01
7.098905180840665352e+00 2.993294033440008217e-01
7.109677419354839323e+00 2.993535131265888105e-01
7.120449657869013294e+00 2.994107646756972163e-01
7.131221896383187264e+00 2.995885591641129220e-01
7.141994134897361235e+00 2.997000094353375332e-01
7.152766373411535206e+00 2.998468265552028944e-01
7.163538611925709176e+00 3.000649087788565539e-01
7.174310850439883147e+00 3.002702779793387511e-01
7.185083088954057118e+00 3.004331779320832396e-01
7.195855327468231089e+00 3.007127652131504347e-01
7.206627565982405059e+00 3.009775092193186508e-01
7.217399804496579030e+00 3.011427792492953337e-01
7.228172043010753001e+00 3.015136679431444922e-01
7.238944281524926971e+00 3.017844085674374344e-01
7.249716520039100942e+00 3.020310448191542707e-01
7.260488758553274913e+00 3.024025701326290561e-01
7.271260997067448884e+00 3.027771054797071537e-01
7.282033235581622854e+00 3.030486295587352941e-01
7.292805474095796825e+00 3.033734964878323503e-01
7.303577712609970796e+00 3.038513222775391376e-01
7.314349951124144766e+00 3.041225467848913122e-01
7.325122189638318737e+00 3.045198371866300602e-01
7.335894428152492708e+00 3.049502288153381202e-01
7.346666666666666679e+00 3.052537103244828409e-01
7.357438905180840649e+00 3.056374404909721343e-01
7.368211143695014620e+00 3.061245195793619311e-01
7.378983382209188591e+00 3.064189300271236149e-01
7.389755620723362561e+00 3.067795670258903207e-01
7.400527859237536532e+00 3.072608190410769380e-01
7.411300097751711391e+00 3.075487113962037111e-01
7.422072336265885362e+00 3.078430411973039904e-01
7.432844574780059332e+00 3.083404890363196649e-01
7.443616813294233303e+00 3.085305530876664704e-01
7.454389051808407274e+00 3.088427107561406149e-01
7.465161290322581245e+00 3.092454606003983697e-01
7.475933528836755215e+00 3.094360880739359110e-01
7.486705767350929186e+00 3.097253751123038579e-01
7.497478005865103157e+00 3.100007422399392865e-01
7.508250244379277127e+00 3.100778879388066400e-01
7.519022482893451098e+00 3.102982490713331876e-01
7.529794721407625069e+00 3.105346548466615397e-01
7.540566959921799040e+00 3.104855308354833032e-01
7.551339198435973010e+00 3.106716872414974073e-01
7.562111436950146981e+00 3.108039240743853959e-01
7.572883675464320952e+00 3.107692460040671345e-01
7.583655913978494922e+00 3.108466739256894873e-01
7.594428152492668893e+00 3.109642460764153182e-01
7.605200391006842864e+00 3.108381599340976909e-01
7.615972629521016835e+00 3.109489608702036278e-01
7.626744868035190805e+00 3.109199329045168603e-01
7.637517106549364776e+00 3.107675896633527168e-01
7.648289345063538747e+00 3.109069272140364548e-01
7.659061583577712717e+00 3.107308327366818390e-01
7.669833822091886688e+00 3.104684869896912058e-01
7.680606060606060659e+00 3.106923679264757543e-01
7.691378299120234630e+00 3.103937574358096585e-01
7.702150537634408600e+00 3.101792992042201047e-01
7.712922776148582571e+00 3.102269131945972758e-01
7.723695014662756542e+00 3.097929305223369179e-01
7.734467253176930512e+00 3.095811326294100607e-01
7.745239491691104483e+00 3.093859983214520271e-01
7.756011730205278454e+00 3.087573560422542940e-01
7.766783968719453313e+00 3.085906201999001897e-01
7.777556207233627283e+00 3.080892682178263953e-01
7.788328445747801254e+00 3.072560112343065697e-01
7.799100684261975225e+00 3.071930330488139571e-01
7.809872922776149196e+00 3.063251870264522836e-01
7.820645161290323166e+00 3.053541143150963477e-01
7.831417399804497137e+00 3.052385013799771007e-01
7.842189638318671108e+00 3.040871171812941642e-01
7.852961876832845078e+00 3.031485501333154309e-01
7.863734115347019049e+00 3.025523845436610682e-01
7.874506353861193020e+00 3.013011407190869240e-01
7.885278592375366991e+00 3.005763624756701002e-01
7.896050830889540961e+00 2.996252994287414984e-01
7.906823069403714932e+00 2.982502019294009932e-01
7.917595307917888903e+00 2.976247703593918881e-01
7.928367546432062873e+00 2.962452834278993530e-01
7.939139784946236844e+00 2.947287621029342497e-01
7.949912023460410815e+00 2.942360482749175610e-01
7.960684261974584786e+00 2.921329125384944381e-01
7.971456500488758756e+00 2.908512325021620493e-01
7.982228739002932727e+00 2.897997696924033972e-01
7.993000977517106698e+00 2.879789842901623875e-01
8.003773216031280668e+00 2.867935290268913140e-01
8.014545454545455527e+00 2.850048137622015476e-01
8.025317693059628610e+00 2.832238109773664858e-01
8.036089931573803469e+00 2.818651615268216726e-01
8.046862170087976551e+00 2.797124046093912297e-01
8.057634408602151410e+00 2.782593475651835568e-01
8.068406647116324493e+00 2.766235903508651450e-01
8.079178885630499352e+00 2.738379487676522728e-01
8.089951124144672434e+00 2.732391851327442001e-01
8.100723362658847293e+00 2.706008945979432312e-01
8.111495601173020376e+00 2.682676746400012857e-01
8.122267839687195234e+00 2.673405894648432368e-01
8.133040078201368317e+00 2.647280490594188795e-01
8.143812316715543176e+00 2.627394744909921642e-01
8.154584555229716258e+00 2.611342293154690353e-01
8.165356793743891117e+00 2.588818956520987924e-01
8.176129032258064200e+00 2.573226627831422531e-01
8.186901270772239059e+00 2.549154206937801481e-01
8.197673509286412141e+00 2.528226344934108583e-01
8.208445747800587000e+00 2.510963723717450358e-01
8.219217986314760083e+00 2.485654113691330158e-01
8.229990224828934942e+00 2.471320443476839601e-01
8.240762463343108024e+00 2.449094992435723317e-01
8.251534701857282883e+00 2.426124157758451361e-01
8.262306940371455966e+00 2.411963393840823033e-01
8.273079178885630824e+00 2.387126892181136717e-01
8.283851417399805683e+00 2.368520951539925257e-01
8.294623655913978766e+00 2.351604611392696109e-01
8.305395894428153625e+00 2.329246213305577740e-01
8.316168132942326707e+00 2.312559856519061374e-01
8.326940371456501566e+00 2.293454642144061861e-01
8.337712609970674649e+00 2.275903106049968205e-01
8.348484848484849508e+00 2.258709703952991588e-01
8.359257086999022590e+00 2.238248258029957860e-01
8.370029325513197449e+00 2.225615723977469596e-01
8.380801564027370532e+00 2.205728404262766174e-01
8.391573802541545390e+00 2.187913216860833121e-01
8.402346041055718473e+00 2.175284727707020860e-01
8.413118279569893332e+00 2.156648365096530129e-01
8.423890518084066414e+00 2.141716753218929070e-01
8.434662756598241273e+00 2.125894716402362827e-01
8.445434995112414356e+00 2.109789723227439850e-01
8.456207233626589215e+00 2.095479635498416759e-01
8.466979472140762297e+00 2.078815032778144334e-01
8.477751710654937156e+00 2.065264205138886699e-01
8.488523949169110239e+00 2.050642323291705094e-01
8.499296187683285098e+00 2.034715998530471359e-01
8.510068426197458180e+00 2.022419785842855811e-01
8.520840664711633039e+00 2.006590826373974845e-01
8.531612903225806122e+00 1.992396777331122137e-01
8.542385141739980980e+00 1.978402673002060130e-01
8.553157380254154063e+00 1.963607434313866251e-01
8.563929618768328922e+00 1.950240142776135666e-01
8.574701857282502004e+00 1.935284810351006468e-01
8.585474095796676863e+00 1.922246102603440421e-01
8.596246334310849946e+00 1.908606294565675099e-01
8.607018572825024805e+00 1.894039025730205050e-01
8.617790811339197887e+00 1.882013205777430809e-01
8.628563049853372746e+00 1.867840901370615703e-01
8.639335288367547605e+00 1.855286633774421989e-01
8.650107526881720688e+00 1.842656471673536911e-01
8.660879765395895546e+00 1.829337605858675497e-01
8.671652003910068629e+00 1.818443015526421125e-01
8.682424242424243488e+00 1.805477070436792841e-01
8.693196480938416570e+00 1.793841114765916955e-01
8.703968719452591429e+00 1.782734134255858360e-01
8.714740957966764512e+00 1.770726959990092664e-01
8.725513196480939371e+00 1.759905855511486317e-01
8.736285434995112453e+00 1.748390602652280246e-01
8.747057673509287312e+00 1.738505395898310713e-01
8.757829912023460395e+00 1.727780895445323317e-01
8.768602150537635254e+00 1.717020416074324929e-01
8.779374389051808336e+00 1.708118162883097702e-01
8.790146627565983195e+00 1.697607806846313516e-01
8.800918866080156278e+00 1.688951439062028881e-01
8.811691104594331136e+00 1.679789261934673816e-01
8.822463343108504219e+00 1.670450875248782330e-01
8.833235581622679078e+00 1.663533380047362564e-01
8.844007820136852160e+00 1.654778569941398325e-01
8.854780058651027019e+00 1.647546635945937310e-01
8.865552297165200102e+00 1.640190407607120815e-01
8.876324535679374961e+00 1.633535104120391879e-01
8.887096774193548043e+00 1.627662742902665216e-01
8.897869012707722902e+00 1.620458922912170752e-01
8.908641251221895985e+00 1.616551942938995734e-01
8.919413489736070844e+00 1.610138433312351125e-01
8.930185728250243926e+00 1.605356369629608593e-01
8.940957966764418785e+00 1.601546869819722163e-01
8.951730205278591868e+00 1.596804204511880487e-01
8.962502443792766726e+00 1.594214989213588451e-01
8.973274682306941585e+00 1.590243863526333845e-01
8.984046920821114668e+00 1.587493707925938524e-01
8.994819159335289527e+00 1.585364151981600855e-01
9.005591397849462609e+00 1.582688126117577920e-01
9.016363636363637468e+00 1.581888066407374227e-01
9.027135874877810551e+00 1.578981458356420453e-01
9.037908113391985410e+00 1.579342254069114049e-01
9.048680351906158492e+00 1.577477042624007286e-01
9.059452590420333351e+00 1.575646474191183255e-01
9.070224828934506434e+00 1.577455705271966768e-01
9.080997067448681292e+00 1.574173896972359266e-01
9.091769305962854375e+00 1.576638585715855745e-01
9.102541544477029234e+00 1.576064101153723251e-01
9.113313782991202316e+00 1.575538683689006458e-01
9.124086021505377175e+00 1.578611777631133140e-01
9.134858260019550258e+00 1.577145473752348814e-01
9.145630498533725117e+00 1.579595648560837007e-01
9.156402737047898199e+00 1.578684260413337759e-01
9.167174975562073058e+00 1.584073271241940861e-01
9.177947214076246141e+00 1.585558613304957343e-01
9.188719452590421000e+00 1.585621015684724466e-01
9.199491691104594082e+00 1.592180181382890081e-01
9.210263929618768941e+00 1.589227642534436769e-01
9.221036168132942024e+00 1.596656675398267777e-01
9.231808406647116882e+00 1.597408297244434505e-01
9.242580645161289965e+00 1.599136486751693287e-01
9.253352883675464824e+00 1.606124693598071917e-01
9.264125122189637906e+00 1.606318576152803712e-01
9.274897360703812765e+00 1.613599652064227064e-01
9.285669599217985848e+00 1.614695251313836843e-01
9.296441837732160707e+00 1.621307998318995136e-01
9.307214076246335566e+00 1.624907751131116906e-01
9.317986314760508648e+00 1.628012559690288630e-01
9.328758553274683507e+00 1.635891861960458715e-01
9.339530791788856590e+00 1.631397571988008333e-01
9.350303030303031449e+00 1.646165870392212460e-01
9.361075268817204531e+00 1.643654642586202530e-01
9.371847507331379390e+00 1.646272238132712451e-01
9.382619745845552472e+00 1.654137258481923334e-01
9.393391984359727331e+00 1.652269766130718964e-01
9.404164222873900414e+00 1.660217018277243828e-01
9.414936461388075273e+00 1.659302922498600841e-01
9.425708699902248355e+00 1.665996970802144928e-01
9.436480938416423214e+00 1.667139161561195515e-01
9.447253176930596297e+00 1.670339920371146647e-01
9.458025415444771156e+00 1.674757772827801805e-01
9.468797653958944238e+00 1.663215661532898848e-01
9.479569892473119097e+00 1.684576833515279426e-01
9.490342130987292180e+00 1.671282684941590990e-01
9.501114369501467039e+00 1.678482213016802005e-01
9.511886608015640121e+00 1.676513901570003962e-01
9.522658846529814980e+00 1.668807332935945964e-01
9.533431085043988062e+00 1.680838305702179458e-01
9.544203323558162921e+00 1.667261935107454407e-01
9.554975562072336004e+00 1.668856632784383454e-01
9.565747800586510863e+00 1.656185647986180287e-01
9.576520039100683945e+00 1.662188360009758115e-01
9.587292277614858804e+00 1.649415917965349199e-01
9.598064516129031887e+00 1.635509060743108034e-01
9.608836754643206746e+00 1.635827098638671373e-01
9.619608993157379828e+00 1.607871196288008508e-01
9.630381231671554687e+00 1.625005968511667453e-01
9.641153470185727770e+00 1.607986974166513705e-01
9.651925708699902628e+00 1.606975248228119380e-01
9.662697947214077487e+00 1.605466161710704387e-01
9.673470185728250570e+00 1.595913588139530326e-01
9.684242424242425429e+00 1.602448835352439926e-01
9.695014662756598511e+00 1.588900023576323706e-01
9.705786901270773370e+00 1.591428721005072322e-01
9.716559139784946453e+00 1.579406882513291754e-01
9.727331378299121312e+00 1.584458117978672920e-01
9.738103616813294394e+00 1.573374744620515686e-01
9.748875855327469253e+00 1.557928709653903510e-01
9.759648093841642336e+00 1.567188685847113183e-01
9.770420332355817195e+00 1.539231035400136782e-01
9.781192570869990277e+00 1.554415183742354489e-01
9.791964809384165136e+00 1.532776072363786213e-01
9.802737047898338218e+00 1.523953052949290066e-01
9.813509286412513077e+00 1.520278371284715102e-01
9.824281524926686160e+00 1.503912973645213647e-01
9.835053763440861019e+00 1.501530385609164409e-01
9.845826001955034101e+00 1.485295226785701972e-01
9.856598240469208960e+00 1.484813648497226302e-01
9.867370478983382043e+00 1.465329940341805193e-01
9.878142717497556902e+00 1.463899618666407443e-01
9.888914956011729984e+00 1.452197253941579780e-01
9.899687194525904843e+00 1.435671603267503205e-01
9.910459433040077926e+00 1.441527385103510139e-01
9.921231671554252785e+00 1.413289623760533575e-01
9.932003910068425867e+00 1.414845253062644026e-01
9.942776148582600726e+00 1.394894994216931694e-01
9.953548387096773808e+00 1.389206584849872195e-01
9.964320625610948667e+00 1.377021606967084311e-01
9.975092864125121750e+00 1.367770284707957307e-01
9.985865102639296609e+00 1.362097247664467992e-01
9.996637341153469691e+00 1.348477981082271404e-01
1.000740957966764455e+01 1.345088488522346859e-01
1.001818181818181941e+01 1.321758120066252318e-01
1.002895405669599249e+01 1.326390358446653539e-01
1.003972629521016735e+01 1.306022906441386688e-01
1.005049853372434043e+01 1.289332241024931103e-01
1.006127077223851529e+01 1.288722930538906963e-01
1.007204301075268837e+01 1.265066712746294730e-01
1.008281524926686323e+01 1.265560031569616661e-01
1.009358748778103632e+01 1.243491800167307038e-01
1.010435972629521117e+01 1.231061020463569411e-01
1.011513196480938426e+01 1.214577942945610362e-01
1.012590420332355912e+01 1.208307268930974288e-01
1.013667644183773220e+01 1.195366732580452063e-01
1.014744868035190706e+01 1.178640224575027706e-01
1.015822091886608014e+01 1.171692203506006641e-01
1.016899315738025500e+01 1.147735327093359070e-01
1.017976539589442808e+01 1.153909240566410033e-01
1.019053763440860294e+01 1.128512543374213251e-01
1.020130987292277602e+01 1.120982531881583311e-01
1.021208211143695088e+01 1.106339708359758284e-01
1.022285434995112396e+01 1.087501342872471688e-01
1.023362658846529882e+01 1.079976274630951860e-01
1.024439882697947191e+01 1.063216702368173783e-01
1.025517106549364676e+01 1.053149856568147552e-01
1.026594330400781985e+01 1.033934647646955057e-01
1.027671554252199471e+01 1.025434205905225576e-01
1.028748778103616779e+01 1.007650779993210233e-01
1.029826001955034265e+01 9.973246063136662065e-02
1.030903225806451573e+01 9.816829238458581186e-02
1.031980449657869059e+01 9.606792151535996360e-02
1.033057673509286367e+01 9.525496591709550764e-02
1.034134897360703853e+01 9.302212917845242846e-02
1.035212121212121339e+01 9.225895047788124081e-02
1.036289345063538647e+01 9.019292217221593078e-02
1.037366568914956133e+01 8.869627911521420216e-02
1.038443792766373441e+01 8.716386237309629859e-02
1.039521016617790927e+01 8.558193908031293262e-02
1.040598240469208235e+01 8.408996007236133052e-02
1.041675464320625721e+01 8.228214619681625819e-02
1.042752688172043030e+01 8.068294766159256337e-02
1.043829912023460516e+01 7.843074727413626435e-02
1.044907135874877824e+01 7.761973258444583579e-02
1.045984359726295310e+01 7.535195669354223524e-02
1.047061583577712618e+01 7.397970522485973477e-02
1.048138807429130104e+01 7.226960188174999522e-02
1.049216031280547412e+01 7.028954920109463378e-02
1.050293255131964898e+01 6.915587809110172735e-02
1.051370478983382206e+01 6.714333373510759928e-02
1.052447702834799692e+01 6.578310901328719706e-02
1.053524926686217000e+01 6.406423587511141104e-02
1.054602150537634486e+01 6.272281063143758661e-02
1.055679374389051794e+01 6.106054770614043059e-02
1.056756598240469280e+01 5.976036951040991640e-02
1.057833822091886589e+01 5.818408835585978101e-02
1.058911045943304075e+01 5.677621553656653219e-02
1.059988269794721383e+01 5.557494714922551343e-02
1.061065493646138869e+01 5.372228911495906256e-02
1.062142717497556177e+01 5.295648899654769454e-02
1.063219941348973663e+01 5.110541161233114749e-02
1.064297165200390971e+01 4.973891026942638821e-02
1.065374389051808457e+01 4.820811056385264359e-02
1.066451612903225765e+01 4.685351564061273483e-02
1.067528836754643251e+01 4.547156034480915460e-02
1.068606060606060737e+01 4.392720706495589073e-02
1.069683284457478045e+01 4.261377118260979702e-02
1.070760508308895531e+01 4.089764186934428253e-02
1.071837732160312839e+01 3.975061070317952722e-02
1.072914956011730325e+01 3.781303891536190454e-02
1.073992179863147634e+01 3.700529249955801514e-02
1.075069403714565119e+01 3.512394880064683561e-02
1.076146627565982428e+01 3.356382432008030159e-02
1.077223851417399914e+01 3.231036411043763240e-02
1.078301075268817222e+01 3.043740597047546112e-02
1.079378299120234708e+01 2.938015600170134148e-02
1.080455522971652016e+01 2.760191966498915309e-02
1.081532746823069502e+01 2.628247497896651214e-02
1.082609970674486810e+01 2.438491956461514773e-02
1.083687194525904296e+01 2.315975866060399763e-02
1.084764418377321604e+01 2.137353850821305593e-02
1.085841642228739090e+01 2.018373700239425514e-02
1.086918866080156398e+01 1.859015119232276109e-02
1.087996089931573884e+01 1.689726402018593837e-02
1.089073313782991193e+01 1.590757794665633232e-02
1.090150537634408678e+01 1.367112978223209395e-02
1.091227761485825987e+01 1.282513445163322580e-02
1.092304985337243473e+01 1.105129361609072901e-02
1.093382209188660781e+01 9.802844069225298898e-03
1.094459433040078267e+01 8.290827796434932506e-03
1.095536656891495575e+01 7.007602345952899069e-03
1.096613880742913061e+01 5.678103883433384923e-03
1.097691104594330369e+01 4.557990428252492975e-03
1.098768328445747855e+01 3.430609244379626173e-03
1.099845552297165163e+01 2.106966217148886593e-03
1.100922776148582649e+01 1.520523905040213749e-03
1.101999999999999957e+01 1.787673777138850219e-04
