0.000000 0.013342
0.010000 0.021796
0.020000 0.029077
0.030000 0.035991
0.040000 0.043055
0.050000 0.050011
0.060000 0.056604
0.070000 0.062854
0.080000 0.069473
0.090000 0.075526
0.100000 0.081377
0.110000 0.086914
0.120000 0.092597
0.130000 0.097949
0.140000 0.103009
0.150000 0.107938
0.160000 0.112706
0.170000 0.117060
0.180000 0.121513
0.190000 0.126141
0.200000 0.130134
0.210000 0.134318
0.220000 0.138793
0.230000 0.142622
0.240000 0.146701
0.250000 0.150554
0.260000 0.154614
0.270000 0.159307
0.280000 0.165509
0.290000 0.174887
0.300000 0.189028
0.310000 0.205375
0.320000 0.220868
0.330000 0.237459
0.340000 0.254266
0.350000 0.269410
0.360000 0.285379
0.370000 0.300318
0.380000 0.313054
0.390000 0.326903
0.400000 0.339463
0.410000 0.354123
0.420000 0.368022
0.430000 0.380257
0.440000 0.394479
0.450000 0.407402
0.460000 0.422452
0.470000 0.438276
0.480000 0.453444
0.490000 0.471696
0.500000 0.488533
0.510000 0.508483
0.520000 0.528039
0.530000 0.547065
0.540000 0.567958
0.550000 0.586155
0.560000 0.605591
0.570000 0.625932
0.580000 0.643312
0.590000 0.660580
0.600000 0.679033
0.610000 0.699482
0.620000 0.716092
0.630000 0.732166
0.640000 0.748987
0.650000 0.764887
0.660000 0.781798
0.670000 0.795407
0.680000 0.810935
0.690000 0.823911
0.700000 0.836417
0.710000 0.850428
0.720000 0.865818
0.730000 0.877542
0.740000 0.889290
0.750000 0.902526
0.760000 0.912841
0.770000 0.923022
0.780000 0.933728
0.790000 0.942990
0.800000 0.950934
0.810000 0.959503
0.820000 0.967512
0.830000 0.974322
0.840000 0.982464
0.850000 0.989340
0.860000 0.994492
0.870000 0.998170
0.880000 1.000000
0.890000 0.992781
0.900000 0.986183
0.910000 0.981201
0.920000 0.974651
0.930000 0.968733
0.940000 0.964410
0.950000 0.958583
0.960000 0.953396
0.970000 0.949772
0.980000 0.944710
0.990000 0.940287
1.000000 0.937057
1.010000 0.932715
1.020000 0.929633
1.030000 0.926735
1.040000 0.923025
1.050000 0.920596
1.060000 0.917991
1.070000 0.914884
1.080000 0.913439
1.090000 0.911440
1.100000 0.908533
1.110000 0.908414
1.120000 0.906226
1.130000 0.904593
1.140000 0.904259
1.150000 0.902559
1.160000 0.901787
1.170000 0.901544
1.180000 0.900264
1.190000 0.900702
1.200000 0.900112
1.210000 0.899303
1.220000 0.900939
1.230000 0.900041
1.240000 0.900402
1.250000 0.901247
1.260000 0.901024
1.270000 0.902459
1.280000 0.902688
1.290000 0.902393
1.300000 0.904444
1.310000 0.903911
1.320000 0.904070
1.330000 0.904706
1.340000 0.901699
1.350000 0.903713
1.360000 0.901333
1.370000 0.896795
1.380000 0.898677
1.390000 0.892225
1.400000 0.891435
1.410000 0.889219
1.420000 0.882249
1.430000 0.885949
1.440000 0.878121
1.450000 0.874871
1.460000 0.875088
1.470000 0.865827
1.480000 0.865793
1.490000 0.859747
1.500000 0.853525
1.510000 0.853292
1.520000 0.842739
1.530000 0.842319
1.540000 0.835710
1.550000 0.826911
1.560000 0.828339
1.570000 0.817355
1.580000 0.816530
1.590000 0.809628
1.600000 0.800677
1.610000 0.801638
1.620000 0.790706
1.630000 0.789480
1.640000 0.782406
1.650000 0.773303
1.660000 0.773715
1.670000 0.762618
1.680000 0.758963
1.690000 0.753385
1.700000 0.743912
1.710000 0.743708
1.720000 0.730351
1.730000 0.727982
1.740000 0.720011
1.750000 0.711857
1.760000 0.709176
1.770000 0.697224
1.780000 0.694304
1.790000 0.685952
1.800000 0.677526
1.810000 0.674457
1.820000 0.660761
1.830000 0.661088
1.840000 0.649247
1.850000 0.642608
1.860000 0.637754
1.870000 0.626164
1.880000 0.626435
1.890000 0.615089
1.900000 0.608842
1.910000 0.602759
1.920000 0.593581
1.930000 0.592631
1.940000 0.582278
1.950000 0.580060
1.960000 0.573228
1.970000 0.564814
1.980000 0.563058
1.990000 0.553176
2.000000 0.553412
2.010000 0.545425
2.020000 0.540907
2.030000 0.536597
2.040000 0.527052
2.050000 0.530140
2.060000 0.520848
2.070000 0.518894
2.080000 0.513465
2.090000 0.508052
2.100000 0.508616
2.110000 0.499549
2.120000 0.502440
2.130000 0.493505
2.140000 0.490507
2.150000 0.489769
2.160000 0.480070
2.170000 0.486089
2.180000 0.473657
2.190000 0.475102
2.200000 0.469306
2.210000 0.463039
2.220000 0.461923
2.230000 0.449725
2.240000 0.456415
2.250000 0.443563
2.260000 0.438510
2.270000 0.433363
2.280000 0.421572
2.290000 0.424780
2.300000 0.405839
2.310000 0.408337
2.320000 0.394626
2.330000 0.386788
2.340000 0.379020
2.350000 0.364629
2.360000 0.365757
2.370000 0.345175
2.380000 0.345656
2.390000 0.331124
2.400000 0.319381
2.410000 0.313436
2.420000 0.296029
2.430000 0.298068
2.440000 0.278044
2.450000 0.274172
2.460000 0.262326
2.470000 0.250480
2.480000 0.243708
2.490000 0.227066
2.500000 0.227373
2.510000 0.208602
2.520000 0.203910
2.530000 0.192318
2.540000 0.180863
2.550000 0.173751
2.560000 0.158278
2.570000 0.157355
2.580000 0.140150
2.590000 0.135089
2.600000 0.124155
2.610000 0.113486
2.620000 0.106531
2.630000 0.092630
2.640000 0.091124
2.650000 0.075948
2.660000 0.071184
2.670000 0.059937
2.680000 0.050824
2.690000 0.046455
2.700000 0.033470
2.710000 0.032426
2.720000 0.021462
2.730000 0.016574
2.740000 0.009958
2.750000 0.003746
2.760000 0.000000
