128835	-2349.05	2200	2099.91
10365	-569.467	-1032.16	-2950
53005	-3600	1886.36	1921.95
154755	3238.84	2200	1566.03
119285	2740.56	-2200	1388.08
146092	1352.48	2200	-1352.48
134528	-1138.93	2200	-854.201
24690	3559.17	996.567	-2950
135088	-996.567	2200	2704.97
117175	2277.87	-2200	142.367
109289	569.467	-2200	-1067.75
151004	2420.24	2200	-0
117330	2313.46	-2200	498.284
24027	3381.21	-711.834	-2950
49162	3487.99	818.609	2950
117335	2313.46	-2200	320.325
117354	2313.46	-2200	-355.917
49287	3523.58	889.792	2950
70210	3600	1352.48	2811.74
117690	2384.64	-2200	-569.467
117340	2313.46	-2200	142.367
49039	3452.39	818.609	2950
49345	3559.17	-1423.67	2950
121171	3132.07	-2200	-1138.93
89159	3600	1601.63	-2669.38
152154	2669.38	2200	177.958
84822	3600	462.692	-1423.67
137794	-427.1	2200	355.917
106361	-71.1834	-2200	-2562.6
138631	-249.142	2200	-71.1834
69076	-3600	391.509	-2740.56
132317	-1601.63	2200	1494.85
55677	-3600	676.242	1138.93
133350	-1388.08	2200	-35.5917
137461	-498.284	2200	462.692
137256	-533.875	2200	1886.36
49353	3559.17	-1138.93	2950
146994	1566.03	2200	1779.58
118643	2598.19	-2200	747.426
117508	2349.05	-2200	35.5917
151680	2562.6	2200	-569.467
121692	3238.84	-2200	-2064.32
121527	3203.25	-2200	-2064.32
155344	3345.62	2200	-1779.58
154589	3203.25	2200	1601.63
152794	2811.74	2200	889.792
122194	3345.62	-2200	-2313.46
70208	3600	1281.3	2811.74
114404	1672.81	-2200	-1067.75
119030	2669.38	-2200	-1281.3
148002	1779.58	2200	1138.93
48610	3345.62	-1316.89	2950
117012	2242.28	-2200	71.1834
119937	2882.93	-2200	1672.81
118501	2562.6	-2200	-71.1834
144463	996.567	2200	-2099.91
153127	2882.93	2200	783.017
152634	2776.15	2200	711.834
71576	3600	1815.18	2420.24
117360	2313.46	-2200	-569.467
118705	2598.19	-2200	-1459.26
94388	-2633.79	-2200	747.426
3046	-2704.97	1138.93	-2950
137152	-569.467	2200	-284.734
136676	-676.242	2200	-960.976
65369	-3600	-213.55	-1672.81
61838	-3600	1067.75	-640.651
110137	747.426	-2200	-1886.36
136999	-605.059	2200	-711.834
58487	-3600	0	320.325
65616	-3600	-177.958	-1743.99
127668	-2598.19	2200	2527.01
2077	-2989.7	1672.81	-2950
3535	-2562.6	1032.16	-2950
77601	3600	1743.99	676.242
139331	-106.775	2200	-1494.85
114537	1708.4	-2200	71.1834
77921	3600	0	569.467
34805	-676.242	2028.73	2950
148535	1886.36	2200	-213.55
69838	3600	1245.71	2918.52
44072	2028.73	-854.201	2950
152176	2669.38	2200	-605.059
48913	3416.8	711.834	2950
89766	3600	1316.89	-2847.34
153515	2954.11	2200	-1281.3
117511	2349.05	-2200	-71.1834
37569	142.367	-284.734	2950
88918	3600	1779.58	-2598.19
70214	3600	1494.85	2811.74
154507	3167.66	2200	-1352.48
118657	2598.19	-2200	249.142
84826	3600	605.059	-1423.67
112950	1352.48	-2200	-2171.09
117198	2277.87	-2200	-676.242
18390	1743.99	35.5917	-2950
115694	1957.54	-2200	-0
32365	-1352.48	-1637.22	2950
36334	-213.55	-462.692	2950
33324	-1103.34	1850.77	2950
45439	2420.24	-355.917	2950
69075	-3600	355.917	-2740.56
156002	3487.99	2200	-1708.4
146023	1352.48	2200	1103.34
150690	2349.05	2200	-569.467
83160	3600	-1779.58	-960.976
45079	2313.46	-35.5917	2950
154841	3238.84	2200	-1494.85
154013	3060.89	2200	-1388.08
153311	2918.52	2200	106.775
49044	3452.39	996.567	2950
119525	2776.15	-2200	-1281.3
36764	-106.775	1708.4	2950
64272	-3600	142.367	-1352.48
131812	-1708.4	2200	1850.77
137289	-533.875	2200	711.834
152462	2740.56	2200	960.976
154848	3238.84	2200	-1743.99
133824	-1281.3	2200	711.834
20734	2420.24	284.734	-2950
48384	3274.44	-605.059	2950
105973	-142.367	-2200	-498.284
33275	-1103.34	106.775	2950
151647	2562.6	2200	605.059
151320	2491.42	2200	498.284
41738	1352.48	-747.426	2950
112165	1210.12	-2200	2277.87
100900	-1245.71	-2200	-1993.13
115868	1993.13	-2200	-320.325
41596	1316.89	-1423.67	2950
117192	2277.87	-2200	-462.692
74392	3600	1352.48	1601.63
153619	2989.7	2200	889.792
117977	2455.83	-2200	960.976
49106	3487.99	-1174.53	2950
156069	3523.58	2200	1779.58
117699	2384.64	-2200	-889.792
107662	213.55	-2200	-1886.36
112742	1316.89	-2200	-640.651
117195	2277.87	-2200	-569.467
23062	3096.48	-35.5917	-2950
84195	3600	35.5917	-1245.71
116510	2135.5	-2200	320.325
81531	3600	1530.44	-462.692
46609	2740.56	1886.36	2950
79149	3600	-71.1834	213.55
42483	1566.03	-498.284	2950
56009	-3600	-640.651	1032.16
118854	2633.79	-2200	-889.792
42920	1672.81	1921.95	2950
153039	2847.34	2200	-1957.54
153187	2882.93	2200	-1352.48
118321	2527.01	-2200	462.692
152018	2633.79	2200	-854.201
63898	-3600	-35.5917	-1245.71
138137	-355.917	2200	-106.775
9740	-747.426	-1388.08	-2950
137966	-391.509	2200	106.775
63164	-3600	106.775	-1032.16
134297	-1174.53	2200	1494.85
63405	-3600	-71.1834	-1103.34
154679	3203.25	2200	-1601.63
55421	-3600	320.325	1210.12
61654	-3600	-1103.34	-605.059
63246	-3600	-1352.48	-1067.75
62784	-3600	-284.734	-925.384
56040	-3600	462.692	1032.16
143896	889.792	2200	462.692
6876	-1601.63	1743.99	-2950
8837	-1032.16	1494.85	-2950
24273	3452.39	-711.834	-2950
153272	2918.52	2200	1494.85
32004	-1459.26	-1352.48	2950
110360	818.609	-2200	1921.95
156184	3523.58	2200	-2313.46
105168	-320.325	-2200	-1210.12
78729	3600	-1886.36	320.325
140596	177.958	2200	462.692
104127	-533.875	-2200	605.059
81885	3600	996.567	-569.467
89176	3600	-2171.09	-2704.97
107880	284.734	-2200	2099.91
119772	2847.34	-2200	1672.81
49282	3523.58	711.834	2950
49286	3523.58	854.201	2950
48858	3416.8	-1245.71	2950
120622	3025.29	-2200	783.017
72815	3600	2135.5	2064.32
119609	2811.74	-2200	1601.63
144426	996.567	2200	-783.017
107238	142.367	-2200	1459.26
89927	3600	-1708.4	-2918.52
153664	2989.7	2200	-711.834
154617	3203.25	2200	605.059
48886	3416.8	-249.142	2950
102637	-854.201	-2200	783.017
144011	925.384	2200	2242.28
110827	925.384	-2200	2918.52
117262	2313.46	-2200	2918.52
16524	1210.12	-711.834	-2950
89768	3600	1388.08	-2847.34
118488	2562.6	-2200	391.509
137296	-533.875	2200	462.692
135372	-960.976	2200	-1530.44
4537	-2277.87	1672.81	-2950
132100	-1672.81	2200	-2527.01
134391	-1174.53	2200	-1850.77
63888	-3600	-391.509	-1245.71
153696	2989.7	2200	-1850.77
24837	-3559.17	1850.77	2950
125018	-3167.66	2200	2882.93
137002	-605.059	2200	-818.609
137000	-605.059	2200	-747.426
51733	-3600	391.509	2277.87
60417	-3600	-1352.48	-249.142
54782	-3600	-533.875	1388.08
49411	3559.17	925.384	2950
55539	-3600	142.367	1174.53
78674	3600	533.875	355.917
118359	2527.01	-2200	-889.792
117502	2349.05	-2200	249.142
153774	3025.29	2200	1245.71
116199	2064.32	-2200	-355.917
152006	2633.79	2200	-427.1
152339	2704.97	2200	-533.875
123189	3559.17	-2200	-2491.42
120433	2989.7	-2200	1637.22
22804	3025.29	-462.692	-2950
88302	3600	1743.99	-2420.24
5062	-2099.91	-1530.44	-2950
99878	-1459.26	-2200	-854.201
69846	3600	1530.44	2918.52
49017	3452.39	35.5917	2950
116998	2242.28	-2200	569.467
118194	2491.42	-2200	-889.792
152316	2704.97	2200	284.734
63384	-3600	-818.609	-1103.34
70497	3600	-1566.03	2704.97
119464	2776.15	-2200	889.792
48529	3310.03	177.958	2950
70837	3600	1779.58	2633.79
65125	-3600	-142.367	-1601.63
135671	-889.792	2200	-427.1
146031	1352.48	2200	818.609
26819	-2954.11	-2028.73	2950
26773	-2989.7	711.834	2950
135801	-854.201	2200	818.609
102837	-818.609	-2200	-462.692
133233	-1423.67	2200	-1743.99
102180	-960.976	-2200	-569.467
54538	-3600	-462.692	1459.26
150684	2349.05	2200	-355.917
119848	2847.34	-2200	-1032.16
95972	-2313.46	-2200	-2776.15
119347	2740.56	-2200	-818.609
113749	1530.44	-2200	-1245.71
69897	3600	-1032.16	2882.93
121184	3132.07	-2200	-1601.63
156216	3559.17	2200	2420.24
60057	-3600	-1032.16	-142.367
121519	3203.25	-2200	-1779.58
150217	2242.28	2200	-1352.48
49141	3487.99	71.1834	2950
117970	2455.83	-2200	1210.12
116703	2171.09	-2200	-676.242
37745	177.958	1601.63	2950
116189	2064.32	-2200	-0
150658	2349.05	2200	569.467
76953	3600	569.467	854.201
16357	1138.93	2099.91	-2950
16568	1210.12	854.201	-2950
18506	1779.58	-213.55	-2950
115469	1921.95	-2200	2135.5
107311	142.367	-2200	-1138.93
113711	1530.44	-2200	106.775
114186	1637.22	-2200	818.609
18859	1886.36	-783.017	-2950
42380	1530.44	213.55	2950
117832	2420.24	-2200	249.142
18755	1850.77	-106.775	-2950
21290	2598.19	-1815.18	-2950
40658	1032.16	213.55	2950
101785	-1032.16	-2200	1743.99
116467	2135.5	-2200	1850.77
131830	-1708.4	2200	1210.12
114887	1779.58	-2200	-640.651
18575	1815.18	-2135.5	-2950
45427	2420.24	-783.017	2950
48910	3416.8	605.059	2950
119150	2704.97	-2200	320.325
144289	960.976	2200	-1779.58
151633	2562.6	2200	1103.34
49368	3559.17	-605.059	2950
119153	2704.97	-2200	213.55
110819	889.792	-2200	-2669.38
134844	-1067.75	2200	-355.917
64977	-3600	-1032.16	-1566.03
136916	-605.059	2200	2242.28
134669	-1103.34	2200	-0
69313	-3600	71.1834	-2811.74
103616	-640.651	-2200	1174.53
35296	-533.875	1993.13	2950
125309	-3132.07	2200	-1601.63
39969	818.609	1957.54	2950
80456	3600	-1708.4	-177.958
152536	2740.56	2200	-1672.81
121599	3238.84	-2200	1245.71
48773	3381.21	106.775	2950
23791	3310.03	-355.917	-2950
44556	2171.09	-1138.93	2950
70992	3600	-1459.26	2562.6
153755	3025.29	2200	1921.95
49048	3452.39	1138.93	2950
153819	3025.29	2200	-355.917
154366	3132.07	2200	-2206.69
152870	2811.74	2200	-1815.18
23554	3238.84	-35.5917	-2950
100351	-1352.48	-2200	-71.1834
151821	2598.19	2200	284.734
88220	3600	-1174.53	-2420.24
117455	2349.05	-2200	1921.95
116666	2171.09	-2200	640.651
118544	2562.6	-2200	-1601.63
69817	3600	498.284	2918.52
118545	2562.6	-2200	-1637.22
87815	3600	1921.95	-2277.87
118951	2669.38	-2200	1530.44
92772	-2989.7	-2200	-462.692
58107	-3600	-391.509	427.1
108619	427.1	-2200	-711.834
109130	533.875	-2200	-1281.3
77260	3600	-1637.22	747.426
85290	3600	-391.509	-1566.03
122272	3381.21	-2200	783.017
105112	-320.325	-2200	783.017
154327	3132.07	2200	-818.609
154723	3238.84	2200	2704.97
107437	177.958	-2200	249.142
46643	2776.15	-1281.3	2950
48920	3416.8	960.976	2950
88603	3600	-676.242	-2527.01
84734	3600	1708.4	-1388.08
23328	3167.66	676.242	-2950
150359	2277.87	2200	-533.875
120177	2918.52	-2200	-996.567
134894	-1067.75	2200	-2135.5
132507	-1566.03	2200	605.059
128031	-2527.01	2200	1352.48
7376	-1459.26	2028.73	-2950
112535	1281.3	-2200	854.201
53841	-3600	996.567	1672.81
6230	-1779.58	640.651	-2950
135003	-1032.16	2200	-142.367
133171	-1423.67	2200	462.692
6606	-1672.81	889.792	-2950
5488	-1993.13	498.284	-2950
131345	-1815.18	2200	854.201
63396	-3600	-391.509	-1103.34
5004	-2135.5	783.017	-2950
116140	2064.32	-2200	1743.99
127057	-2740.56	2200	783.017
155327	3345.62	2200	-1174.53
5235	-2064.32	249.142	-2950
97579	-1957.54	-2200	-1245.71
128219	-2491.42	2200	533.875
115838	1993.13	-2200	747.426
121845	3274.44	-2200	-1637.22
24081	3381.21	1210.12	-2950
150336	2277.87	2200	284.734
119152	2704.97	-2200	249.142
150354	2277.87	2200	-355.917
49026	3452.39	355.917	2950
120124	2918.52	-2200	889.792
42215	1494.85	-1281.3	2950
116525	2135.5	-2200	-213.55
102615	-854.201	-2200	1566.03
120728	3060.89	-2200	2882.93
89348	3600	-427.1	-2740.56
106573	0	-2200	1637.22
156245	3559.17	2200	1388.08
8999	-960.976	-1494.85	-2950
23160	3132.07	-925.384	-2950
116874	2206.69	-2200	-889.792
116023	2028.73	-2200	35.5917
16753	1281.3	-1316.89	-2950
145261	1174.53	2200	-1138.93
86905	3600	177.958	-2028.73
70321	3600	925.384	2776.15
41851	1388.08	-1103.34	2950
113233	1423.67	-2200	-498.284
119883	2847.34	-2200	-2277.87
88103	3600	-960.976	-2384.64
39973	818.609	2099.91	2950
136117	-783.017	2200	1316.89
117645	2384.64	-2200	1032.16
105825	-177.958	-2200	-1103.34
101331	-1138.93	-2200	284.734
88772	3600	960.976	-2562.6
155304	3345.62	2200	-355.917
48905	3416.8	427.1	2950
121884	3310.03	-2200	2847.34
103808	-605.059	-2200	213.55
116000	2028.73	-2200	854.201
24153	3416.8	-605.059	-2950
116653	2171.09	-2200	1103.34
154963	3274.44	2200	35.5917
136242	-747.426	2200	2740.56
144772	1067.75	2200	-1352.48
21287	2598.19	-1921.95	-2950
150188	2242.28	2200	-320.325
116625	2171.09	-2200	2099.91
96589	-2171.09	-2200	-1245.71
94422	-2633.79	-2200	-462.692
21458	2633.79	-213.55	-2950
54548	-3600	-106.775	1459.26
127273	-2704.97	2200	-1032.16
7681	-1352.48	-249.142	-2950
95239	-2455.83	-2200	-177.958
7558	-1388.08	-249.142	-2950
145838	1316.89	2200	1815.18
146530	1459.26	2200	676.242
116986	2242.28	-2200	996.567
127493	-2633.79	2200	2882.93
152993	2847.34	2200	-320.325
19906	2171.09	1459.26	-2950
143240	747.426	2200	320.325
47867	3132.07	-1494.85	2950
153120	2882.93	2200	1032.16
115643	1957.54	-2200	1815.18
152648	2776.15	2200	213.55
87923	3600	1388.08	-2313.46
154596	3203.25	2200	1352.48
118876	2633.79	-2200	-1672.81
117155	2277.87	-2200	854.201
116196	2064.32	-2200	-249.142
153650	2989.7	2200	-213.55
23532	3238.84	-818.609	-2950
116828	2206.69	-2200	747.426
89153	3600	1388.08	-2669.38
46056	2598.19	-284.734	2950
5155	-2099.91	1779.58	-2950
120005	2882.93	-2200	-747.426
120282	2954.11	-2200	1138.93
119330	2740.56	-2200	-213.55
153123	2882.93	2200	925.384
24566	3523.58	960.976	-2950
88437	3600	2171.09	-2455.83
87266	3600	-106.775	-2135.5
24568	3523.58	1032.16	-2950
149670	2135.5	2200	498.284
150311	2277.87	2200	1174.53
150365	2277.87	2200	-747.426
71474	3600	-1815.18	2420.24
142964	676.242	2200	-1601.63
97004	-2064.32	-2200	1601.63
5587	-1957.54	-355.917	-2950
5719	-1921.95	-35.5917	-2950
8889	-996.567	-1032.16	-2950
54685	-3600	391.509	1423.67
55154	-3600	-427.1	1281.3
67999	-3600	1459.26	-2420.24
56901	-3600	462.692	783.017
1190	-3238.84	747.426	-2950
60136	-3600	1779.58	-142.367
102265	-925.384	-2200	2277.87
1679	-3096.48	640.651	-2950
100526	-1316.89	-2200	-427.1
95702	-2349.05	-2200	960.976
78989	3600	-1388.08	249.142
150507	2313.46	2200	71.1834
114883	1779.58	-2200	-498.284
138037	-391.509	2200	-2420.24
140103	71.1834	2200	391.509
150483	2313.46	2200	925.384
122165	3345.62	-2200	-1281.3
154563	3203.25	2200	2527.01
86833	3600	1993.13	-1993.13
48573	3310.03	1743.99	2950
146112	1352.48	2200	-2064.32
117709	2384.64	-2200	-1245.71
116873	2206.69	-2200	-854.201
155097	3310.03	2200	1138.93
148752	1921.95	2200	-2064.32
49093	3487.99	-1637.22	2950
48871	3416.8	-783.017	2950
117805	2420.24	-2200	1210.12
116202	2064.32	-2200	-462.692
73052	3600	1815.18	1993.13
148483	1886.36	2200	1637.22
76698	3600	249.142	925.384
48748	3381.21	-783.017	2950
70184	3600	427.1	2811.74
120664	3025.29	-2200	-711.834
49105	3487.99	-1210.12	2950
117702	2384.64	-2200	-996.567
149680	2135.5	2200	142.367
62420	-3600	-106.775	-818.609
150528	2313.46	2200	-676.242
22452	2918.52	142.367	-2950
151371	2491.42	2200	-1316.89
81919	3600	-2171.09	-605.059
22625	2954.11	1921.95	-2950
17015	1352.48	-747.426	-2950
153198	2882.93	2200	-1743.99
148899	1957.54	2200	-1423.67
151457	2527.01	2200	1494.85
72240	3600	-818.609	2206.69
149821	2171.09	2200	996.567
32679	-1281.3	783.017	2950
147027	1566.03	2200	605.059
74939	3600	-1067.75	1423.67
19755	2135.5	462.692	-2950
73264	3600	605.059	1921.95
150923	2420.24	2200	2882.93
149525	2099.91	2200	-213.55
145087	1138.93	2200	-818.609
74160	3600	1850.77	1672.81
38560	427.1	-35.5917	2950
128937	-2349.05	2200	-1530.44
125826	-3025.29	2200	-2384.64
130020	-2099.91	2200	1032.16
131373	-1815.18	2200	-142.367
130078	-2099.91	2200	-1032.16
25287	-3416.8	355.917	2950
126025	-2954.11	2200	2277.87
50041	-3600	1459.26	2776.15
2944	-2740.56	1886.36	-2950
95561	-2384.64	-2200	106.775
90462	-3487.99	-2200	-462.692
124664	-3274.44	2200	-2135.5
100850	-1245.71	-2200	-213.55
102477	-889.792	-2200	605.059
153128	2882.93	2200	747.426
149729	2135.5	2200	-1601.63
21521	2633.79	2028.73	-2950
74693	3600	-1067.75	1494.85
15072	783.017	142.367	-2950
111567	1067.75	-2200	71.1834
72125	3600	-533.875	2242.28
100220	-1388.08	-2200	-1281.3
113235	1423.67	-2200	-569.467
147548	1672.81	2200	-320.325
38678	462.692	-213.55	2950
139917	35.5917	2200	1138.93
18550	1779.58	1352.48	-2950
119011	2669.38	-2200	-605.059
88091	3600	-1388.08	-2384.64
117978	2455.83	-2200	925.384
31021	-1743.99	-1316.89	2950
139773	0	2200	391.509
150136	2242.28	2200	1530.44
51092	-3600	-533.875	2455.83
104654	-427.1	-2200	-533.875
11104	-355.917	-996.567	-2950
23992	3381.21	-1957.54	-2950
153990	3060.89	2200	-569.467
116540	2135.5	-2200	-747.426
109931	711.834	-2200	-427.1
104316	-498.284	-2200	-249.142
106302	-71.1834	-2200	-462.692
108550	427.1	-2200	1743.99
20981	2491.42	320.325	-2950
116262	2064.32	-2200	-2598.19
46343	2669.38	1174.53	2950
15934	1032.16	177.958	-2950
151302	2491.42	2200	1138.93
151359	2491.42	2200	-889.792
115363	1886.36	-2200	35.5917
122670	3452.39	-2200	-1637.22
117873	2420.24	-2200	-1210.12
150011	2206.69	2200	106.775
95574	-2384.64	-2200	-355.917
82870	3600	1032.16	-854.201
154026	3060.89	2200	-1850.77
20757	2420.24	1103.34	-2950
150423	2277.87	2200	-2811.74
114009	1601.63	-2200	1245.71
75544	3600	-1423.67	1245.71
72634	3600	71.1834	2099.91
144073	925.384	2200	35.5917
5641	-1957.54	1566.03	-2950
28461	-2491.42	-498.284	2950
71087	3600	1921.95	2562.6
7552	-1388.08	-462.692	-2950
132319	-1601.63	2200	1423.67
17248	1423.67	-1210.12	-2950
123470	-3523.58	2200	-747.426
61449	-3600	355.917	-533.875
103151	-747.426	-2200	106.775
51706	-3600	-569.467	2277.87
33302	-1103.34	1067.75	2950
68670	-3600	-925.384	-2633.79
102676	-854.201	-2200	-605.059
101806	-1032.16	-2200	996.567
140319	106.775	2200	-1423.67
101373	-1138.93	-2200	-1210.12
114332	1672.81	-2200	1494.85
45790	2527.01	-996.567	2950
149689	2135.5	2200	-177.958
149026	1993.13	2200	-71.1834
146867	1530.44	2200	427.1
99223	-1601.63	-2200	-1032.16
145654	1281.3	2200	2491.42
144416	996.567	2200	-427.1
71539	3600	498.284	2420.24
79269	3600	-177.958	177.958
119319	2740.56	-2200	177.958
77076	3600	569.467	818.609
94602	-2598.19	-2200	-996.567
70993	3600	-1423.67	2562.6
89346	3600	-498.284	-2740.56
81571	3600	-1423.67	-498.284
152840	2811.74	2200	-747.426
87293	3600	854.201	-2135.5
43870	1957.54	711.834	2950
38487	391.509	1743.99	2950
149830	2171.09	2200	676.242
143889	889.792	2200	711.834
103518	-676.242	-2200	-1210.12
113609	1494.85	-2200	-2135.5
71562	3600	1316.89	2420.24
73838	3600	-854.201	1743.99
118782	2633.79	-2200	1672.81
17250	1423.67	-1138.93	-2950
112553	1281.3	-2200	213.55
116010	2028.73	-2200	498.284
84527	3600	-1281.3	-1352.48
149137	2028.73	2200	1850.77
24223	3416.8	1886.36	-2950
18131	1672.81	-427.1	-2950
74129	3600	747.426	1672.81
13062	213.55	-1352.48	-2950
151860	2598.19	2200	-1103.34
154155	3096.48	2200	-569.467
69997	3600	-1850.77	2847.34
119604	2811.74	-2200	1779.58
72309	3600	1637.22	2206.69
144384	996.567	2200	711.834
118304	2527.01	-2200	1067.75
121667	3238.84	-2200	-1174.53
74667	3600	-1993.13	1494.85
89515	3600	1138.93	-2776.15
154405	3167.66	2200	2277.87
89168	3600	1921.95	-2669.38
55749	-3600	-1138.93	1103.34
111219	996.567	-2200	711.834
16038	1067.75	-498.284	-2950
83309	3600	-854.201	-996.567
24191	3416.8	747.426	-2950
143781	854.201	2200	-1316.89
19276	1993.13	925.384	-2950
147663	1708.4	2200	1459.26
78697	3600	1352.48	355.917
78447	3600	1210.12	427.1
113854	1566.03	-2200	889.792
87843	3600	-1459.26	-2313.46
145890	1316.89	2200	-35.5917
11301	-320.325	1637.22	-2950
97554	-1957.54	-2200	-355.917
89450	3600	-1174.53	-2776.15
149486	2099.91	2200	1174.53
134750	-1103.34	2200	-2882.93
149641	2135.5	2200	1530.44
78311	3600	747.426	462.692
13802	427.1	-1281.3	-2950
60101	-3600	533.875	-142.367
35310	-498.284	-1886.36	2950
116836	2206.69	-2200	462.692
151628	2562.6	2200	1281.3
85359	3600	2064.32	-1566.03
19523	2064.32	960.976	-2950
152115	2669.38	2200	1566.03
88506	3600	249.142	-2491.42
122704	3452.39	-2200	-2847.34
23212	3132.07	925.384	-2950
14304	569.467	-925.384	-2950
71563	3600	1352.48	2420.24
18387	1743.99	-71.1834	-2950
89882	3600	1067.75	-2882.93
154142	3096.48	2200	-106.775
91040	-3345.62	-2200	2455.83
119214	2704.97	-2200	-1957.54
118714	2598.19	-2200	-1779.58
14208	533.875	35.5917	-2950
147692	1708.4	2200	427.1
121734	3274.44	-2200	2313.46
6923	-1566.03	-960.976	-2950
156135	3523.58	2200	-569.467
85454	3600	1067.75	-1601.63
33203	-1138.93	1921.95	2950
44190	2064.32	-1032.16	2950
45277	2384.64	-1743.99	2950
85933	3600	605.059	-1743.99
82410	3600	2171.09	-711.834
156302	3559.17	2200	-640.651
86168	3600	213.55	-1815.18
86049	3600	355.917	-1779.58
81572	3600	-1388.08	-498.284
137734	-427.1	2200	2491.42
81420	3600	1957.54	-427.1
87443	3600	1815.18	-2171.09
81223	3600	-676.242	-391.509
89607	3600	35.5917	-2811.74
16938	1316.89	889.792	-2950
16622	1245.71	-1601.63	-2950
119173	2704.97	-2200	-498.284
113424	1459.26	-2200	-1423.67
113840	1566.03	-2200	1388.08
134735	-1103.34	2200	-2349.05
148188	1815.18	2200	391.509
136305	-747.426	2200	498.284
147413	1637.22	2200	-1388.08
20161	2242.28	1779.58	-2950
83769	3600	-1993.13	-1138.93
148900	1957.54	2200	-1459.26
153851	3025.29	2200	-1494.85
48974	3452.39	-1494.85	2950
89867	3600	533.875	-2882.93
88791	3600	1637.22	-2562.6
21698	2704.97	-427.1	-2950
123050	3559.17	-2200	2455.83
155014	3274.44	2200	-1779.58
153369	2918.52	2200	-1957.54
152159	2669.38	2200	-0
80178	3600	1530.44	-71.1834
150799	2384.64	2200	1423.67
149649	2135.5	2200	1245.71
149216	2028.73	2200	-960.976
117313	2313.46	-2200	1103.34
143541	818.609	2200	1352.48
116371	2099.91	-2200	-605.059
23770	3310.03	-1103.34	-2950
116876	2206.69	-2200	-960.976
86588	3600	2028.73	-1921.95
87379	3600	-462.692	-2171.09
149000	1993.13	2200	854.201
152293	2704.97	2200	1103.34
155398	3381.21	2200	2171.09
146687	1494.85	2200	960.976
79256	3600	-640.651	177.958
148392	1850.77	2200	-996.567
132056	-1672.81	2200	-960.976
46517	2740.56	-1388.08	2950
42667	1601.63	1672.81	2950
150667	2349.05	2200	249.142
147544	1672.81	2200	-177.958
151856	2598.19	2200	-960.976
88950	3600	-1459.26	-2633.79
147885	1743.99	2200	-569.467
38657	462.692	-960.976	2950
45626	2455.83	1921.95	2950
148854	1957.54	2200	177.958
15376	889.792	-2171.09	-2950
24422	3487.99	213.55	-2950
143885	889.792	2200	854.201
115705	1957.54	-2200	-391.509
49203	3523.58	-2099.91	2950
114819	1779.58	-2200	1779.58
112046	1174.53	-2200	640.651
18858	1886.36	-818.609	-2950
119595	2811.74	-2200	2099.91
117545	2349.05	-2200	-1281.3
86581	3600	1779.58	-1921.95
115550	1921.95	-2200	-747.426
115704	1957.54	-2200	-355.917
114585	1708.4	-2200	-1637.22
148018	1779.58	2200	569.467
72151	3600	391.509	2242.28
146472	1459.26	2200	2740.56
148010	1779.58	2200	854.201
44980	2277.87	818.609	2950
123442	-3523.58	2200	249.142
154356	3132.07	2200	-1850.77
3534	-2562.6	996.567	-2950
3708	-2491.42	-1566.03	-2950
113520	1494.85	-2200	1032.16
97137	-2028.73	-2200	2740.56
70252	3600	-1530.44	2776.15
138099	-355.917	2200	1245.71
38714	462.692	1067.75	2950
134708	-1103.34	2200	-1388.08
7227	-1494.85	1103.34	-2950
119672	2811.74	-2200	-640.651
145350	1210.12	2200	1566.03
21324	2598.19	-605.059	-2950
144245	960.976	2200	-213.55
18909	1886.36	996.567	-2950
140616	177.958	2200	-249.142
21203	2562.6	-533.875	-2950
81809	3600	-1708.4	-569.467
85793	3600	0	-1708.4
119310	2740.56	-2200	498.284
151804	2598.19	2200	889.792
85004	3600	-1815.18	-1494.85
151031	2420.24	2200	-960.976
43951	1993.13	-783.017	2950
43886	1957.54	1281.3	2950
70571	3600	1067.75	2704.97
80245	3600	-462.692	-106.775
121131	3132.07	-2200	284.734
155369	3345.62	2200	-2669.38
43729	1921.95	71.1834	2950
8346	-1174.53	1530.44	-2950
149400	2064.32	2200	-1637.22
82618	3600	818.609	-783.017
46386	2704.97	-1672.81	2950
117877	2420.24	-2200	-1352.48
154311	3132.07	2200	-249.142
86365	3600	-1530.44	-1886.36
74353	3600	-35.5917	1601.63
116823	2206.69	-2200	925.384
43973	1993.13	0	2950
118006	2455.83	-2200	-71.1834
12074	-71.1834	-1494.85	-2950
44194	2064.32	-889.792	2950
115702	1957.54	-2200	-284.734
143868	889.792	2200	1459.26
43955	1993.13	-640.651	2950
119019	2669.38	-2200	-889.792
121916	3310.03	-2200	1708.4
19388	2028.73	533.875	-2950
121295	3167.66	-2200	320.325
22349	2882.93	854.201	-2950
145731	1281.3	2200	-249.142
120608	3025.29	-2200	1281.3
145239	1174.53	2200	-355.917
139478	-71.1834	2200	-854.201
86966	3600	-2028.73	-2064.32
152476	2740.56	2200	462.692
86484	3600	-1672.81	-1921.95
112435	1245.71	-2200	-1459.26
78156	3600	-391.509	498.284
153449	2954.11	2200	1067.75
113581	1494.85	-2200	-1138.93
117833	2420.24	-2200	213.55
118281	2527.01	-2200	1886.36
116991	2242.28	-2200	818.609
44909	2277.87	-1708.4	2950
156155	3523.58	2200	-1281.3
74044	3600	2099.91	1708.4
113833	1566.03	-2200	1637.22
24169	3416.8	-35.5917	-2950
48263	3238.84	-533.875	2950
54569	-3600	640.651	1459.26
87927	3600	1530.44	-2313.46
45602	2455.83	1067.75	2950
135504	-925.384	2200	-355.917
116178	2064.32	-2200	391.509
109882	711.834	-2200	1316.89
43714	1921.95	-462.692	2950
140927	249.142	2200	427.1
139091	-142.367	2200	1174.53
114536	1708.4	-2200	106.775
86029	3600	-355.917	-1779.58
154612	3203.25	2200	783.017
117665	2384.64	-2200	320.325
117522	2349.05	-2200	-462.692
115520	1921.95	-2200	320.325
23202	3132.07	569.467	-2950
19753	2135.5	391.509	-2950
22938	3060.89	-71.1834	-2950
110536	854.201	-2200	1530.44
22816	3025.29	-35.5917	-2950
146046	1352.48	2200	284.734
20926	2491.42	-1637.22	-2950
140618	177.958	2200	-320.325
147100	1566.03	2200	-1993.13
15436	889.792	-35.5917	-2950
74838	3600	-284.734	1459.26
13727	391.509	427.1	-2950
151654	2562.6	2200	355.917
15319	854.201	177.958	-2950
16019	1067.75	-1174.53	-2950
148610	1886.36	2200	-2882.93
142581	605.059	2200	284.734
152328	2704.97	2200	-142.367
88310	3600	2028.73	-2420.24
68554	-3600	-676.242	-2598.19
72063	3600	1637.22	2277.87
113836	1566.03	-2200	1530.44
23085	3096.48	783.017	-2950
154285	3132.07	2200	676.242
70824	3600	1316.89	2633.79
87441	3600	1743.99	-2171.09
8008	-1245.71	-1743.99	-2950
56179	-3600	1032.16	996.567
137742	-427.1	2200	2206.69
62964	-3600	1743.99	-960.976
154117	3096.48	2200	783.017
116185	2064.32	-2200	142.367
48276	3238.84	-71.1834	2950
48139	3203.25	-569.467	2950
32545	-1316.89	391.509	2950
131565	-1779.58	2200	-1103.34
114155	1637.22	-2200	1921.95
117863	2420.24	-2200	-854.201
65418	-3600	1530.44	-1672.81
15937	1032.16	284.734	-2950
106960	71.1834	-2200	-391.509
120017	2882.93	-2200	-1174.53
113865	1566.03	-2200	498.284
47703	3060.89	1423.67	2950
114033	1601.63	-2200	391.509
83493	3600	1316.89	-1032.16
149487	2099.91	2200	1138.93
127406	-2669.38	2200	106.775
146746	1494.85	2200	-1138.93
89681	3600	-1708.4	-2847.34
92143	-3132.07	-2200	-1566.03
48903	3416.8	355.917	2950
117689	2384.64	-2200	-533.875
38025	284.734	-1566.03	2950
152815	2811.74	2200	142.367
153308	2918.52	2200	213.55
155612	3416.8	2200	427.1
15930	1032.16	35.5917	-2950
146414	1423.67	2200	-1067.75
16603	1210.12	2099.91	-2950
78402	3600	-391.509	427.1
15581	925.384	747.426	-2950
146282	1388.08	2200	-2242.28
16175	1103.34	0	-2950
82048	3600	-1957.54	-640.651
146591	1459.26	2200	-1494.85
78998	3600	-1067.75	249.142
96364	-2206.69	-2200	889.792
17626	1530.44	-889.792	-2950
11247	-320.325	-284.734	-2950
152309	2704.97	2200	533.875
97202	-2028.73	-2200	427.1
110884	925.384	-2200	889.792
112222	1210.12	-2200	249.142
117501	2349.05	-2200	284.734
132568	-1566.03	2200	-1566.03
114059	1601.63	-2200	-533.875
114205	1637.22	-2200	142.367
36989	-35.5917	960.976	2950
43485	1850.77	142.367	2950
42605	1601.63	-533.875	2950
118190	2491.42	-2200	-747.426
39857	818.609	-2028.73	2950
145610	1245.71	2200	-1815.18
115631	1957.54	-2200	2242.28
110419	818.609	-2200	-177.958
69947	3600	747.426	2882.93
116504	2135.5	-2200	533.875
107621	213.55	-2200	-427.1
135971	-818.609	2200	640.651
78105	3600	2171.09	533.875
82125	3600	783.017	-640.651
43001	1708.4	427.1	2950
112866	1352.48	-2200	818.609
113144	1423.67	-2200	2669.38
80687	3600	2135.5	-213.55
114369	1672.81	-2200	177.958
10102	-640.651	-1637.22	-2950
118351	2527.01	-2200	-605.059
154852	3238.84	2200	-1886.36
119620	2811.74	-2200	1210.12
153769	3025.29	2200	1423.67
11460	-249.142	-1459.26	-2950
48894	3416.8	35.5917	2950
70443	3600	889.792	2740.56
16031	1067.75	-747.426	-2950
15298	854.201	-569.467	-2950
42906	1672.81	1423.67	2950
12883	142.367	1032.16	-2950
88819	3600	-1743.99	-2598.19
137417	-498.284	2200	2028.73
20805	2455.83	-1566.03	-2950
142758	640.651	2200	-142.367
6026	-1850.77	2135.5	-2950
13597	355.917	177.958	-2950
112929	1352.48	-2200	-1423.67
141975	462.692	2200	-1637.22
86645	3600	-320.325	-1957.54
138375	-320.325	2200	-2704.97
149350	2064.32	2200	142.367
19973	2206.69	-533.875	-2950
8454	-1138.93	996.567	-2950
83966	3600	640.651	-1174.53
117346	2313.46	-2200	-71.1834
101959	-996.567	-2200	1423.67
41503	1281.3	-355.917	2950
41240	1210.12	-960.976	2950
111738	1103.34	-2200	-142.367
41758	1352.48	-35.5917	2950
34874	-640.651	106.775	2950
14661	676.242	-1352.48	-2950
3642	-2527.01	462.692	-2950
153996	3060.89	2200	-783.017
112567	1281.3	-2200	-284.734
34287	-818.609	1103.34	2950
153480	2954.11	2200	-35.5917
117208	2277.87	-2200	-1032.16
73051	3600	1779.58	1993.13
112818	1352.48	-2200	2527.01
154949	3274.44	2200	533.875
115533	1921.95	-2200	-142.367
115701	1957.54	-2200	-249.142
97406	-1993.13	-2200	-960.976
137599	-462.692	2200	1423.67
114686	1743.99	-2200	640.651
116547	2135.5	-2200	-996.567
86950	3600	1779.58	-2028.73
155317	3345.62	2200	-818.609
70689	3600	889.792	2669.38
115681	1957.54	-2200	462.692
79579	3600	2099.91	106.775
4291	-2349.05	1672.81	-2950
78938	3600	1174.53	284.734
22918	3060.89	-783.017	-2950
114550	1708.4	-2200	-391.509
84775	3600	-1210.12	-1423.67
110709	889.792	-2200	1245.71
120183	2918.52	-2200	-1210.12
82479	3600	249.142	-747.426
46332	2669.38	783.017	2950
116210	2064.32	-2200	-747.426
113888	1566.03	-2200	-320.325
121580	3238.84	-2200	1921.95
88192	3600	-2171.09	-2420.24
112313	1245.71	-2200	2882.93
152628	2776.15	2200	925.384
142137	498.284	2200	-1530.44
147718	1708.4	2200	-498.284
137191	-569.467	2200	-1672.81
153663	2989.7	2200	-676.242
108443	391.509	-2200	-320.325
142464	569.467	2200	-1423.67
149990	2206.69	2200	854.201
82369	3600	711.834	-711.834
152013	2633.79	2200	-676.242
138188	-355.917	2200	-1921.95
86832	3600	1957.54	-1993.13
126239	-2918.52	2200	533.875
154588	3203.25	2200	1637.22
116997	2242.28	-2200	605.059
24647	3559.17	-533.875	-2950
22263	2847.34	2171.09	-2950
117483	2349.05	-2200	925.384
47912	3132.07	106.775	2950
117969	2455.83	-2200	1245.71
6738	-1637.22	1210.12	-2950
86032	3600	-249.142	-1779.58
140570	177.958	2200	1388.08
149661	2135.5	2200	818.609
24536	3523.58	-106.775	-2950
155442	3381.21	2200	605.059
132513	-1566.03	2200	391.509
155981	3487.99	2200	-960.976
117050	2242.28	-2200	-1281.3
74648	3600	1708.4	1530.44
71721	3600	-1779.58	2349.05
155315	3345.62	2200	-747.426
118453	2562.6	-2200	1637.22
129665	-2171.09	2200	1921.95
115711	1957.54	-2200	-605.059
24180	3416.8	355.917	-2950
108795	462.692	-2200	-1103.34
115659	1957.54	-2200	1245.71
145371	1210.12	2200	818.609
116241	2064.32	-2200	-1850.77
72156	3600	569.467	2242.28
47382	2989.7	-1245.71	2950
155343	3345.62	2200	-1743.99
117740	2384.64	-2200	-2349.05
145175	1174.53	2200	1921.95
35197	-533.875	-1530.44	2950
112063	1174.53	-2200	35.5917
110845	925.384	-2200	2277.87
104315	-498.284	-2200	-213.55
117204	2277.87	-2200	-889.792
104457	-462.692	-2200	605.059
80277	3600	676.242	-106.775
81742	3600	284.734	-533.875
110386	818.609	-2200	996.567
147890	1743.99	2200	-747.426
89953	3600	-783.017	-2918.52
45552	2455.83	-711.834	2950
99095	-1637.22	-2200	-2349.05
109979	711.834	-2200	-2135.5
147086	1566.03	2200	-1494.85
141017	249.142	2200	-2776.15
138115	-355.917	2200	676.242
87260	3600	-320.325	-2135.5
83868	3600	1530.44	-1138.93
83606	3600	960.976	-1067.75
120583	3025.29	-2200	2171.09
118633	2598.19	-2200	1103.34
116851	2206.69	-2200	-71.1834
75263	3600	1708.4	1352.48
121074	3132.07	-2200	2313.46
116678	2171.09	-2200	213.55
48241	3238.84	-1316.89	2950
24664	3559.17	71.1834	-2950
152008	2633.79	2200	-498.284
111247	996.567	-2200	-284.734
116218	2064.32	-2200	-1032.16
114728	1743.99	-2200	-854.201
72292	3600	1032.16	2206.69
115391	1886.36	-2200	-960.976
108560	427.1	-2200	1388.08
114231	1637.22	-2200	-783.017
23461	3203.25	1032.16	-2950
82767	3600	1743.99	-818.609
115861	1993.13	-2200	-71.1834
148178	1815.18	2200	747.426
86532	3600	35.5917	-1921.95
112913	1352.48	-2200	-854.201
24233	3452.39	-2135.5	-2950
116884	2206.69	-2200	-1245.71
115199	1850.77	-2200	-0
117884	2420.24	-2200	-1601.63
121725	3274.44	-2200	2633.79
115715	1957.54	-2200	-747.426
71558	3600	1174.53	2420.24
56036	-3600	320.325	1032.16
48388	3274.44	-462.692	2950
85876	3600	-1423.67	-1743.99
47470	2989.7	1886.36	2950
87183	3600	1316.89	-2099.91
45684	2491.42	-391.509	2950
46282	2669.38	-996.567	2950
22999	3060.89	2099.91	-2950
154169	3096.48	2200	-1067.75
45769	2527.01	-1743.99	2950
20565	2384.64	-1352.48	-2950
76100	3600	854.201	1103.34
109764	676.242	-2200	-355.917
71996	3600	-747.426	2277.87
21185	2562.6	-1174.53	-2950
34020	-889.792	355.917	2950
89884	3600	1138.93	-2882.93
47910	3132.07	35.5917	2950
151847	2598.19	2200	-640.651
154181	3096.48	2200	-1494.85
119685	2811.74	-2200	-1103.34
115046	1815.18	-2200	-427.1
151811	2598.19	2200	640.651
100899	-1245.71	-2200	-1957.54
4955	-2135.5	-960.976	-2950
113266	1423.67	-2200	-1672.81
107152	106.775	-2200	-1352.48
60348	-3600	569.467	-213.55
99750	-1494.85	-2200	-2171.09
5222	-2064.32	-213.55	-2950
15799	996.567	-249.142	-2950
143212	747.426	2200	1316.89
154173	3096.48	2200	-1210.12
117334	2313.46	-2200	355.917
116016	2028.73	-2200	284.734
87200	3600	1921.95	-2099.91
151655	2562.6	2200	320.325
112696	1316.89	-2200	996.567
47555	3025.29	533.875	2950
114024	1601.63	-2200	711.834
109698	676.242	-2200	1993.13
24551	3523.58	427.1	-2950
47107	2882.93	2099.91	2950
18516	1779.58	142.367	-2950
150848	2384.64	2200	-320.325
107950	284.734	-2200	-391.509
47984	3167.66	-1708.4	2950
47985	3167.66	-1672.81	2950
1046	-3274.44	0	-2950
114703	1743.99	-2200	35.5917
108766	462.692	-2200	-71.1834
118447	2562.6	-2200	1850.77
115717	1957.54	-2200	-818.609
64100	-3600	-1601.63	-1316.89
129367	-2242.28	2200	783.017
120713	3025.29	-2200	-2455.83
148784	1957.54	2200	2669.38
119266	2740.56	-2200	2064.32
48128	3203.25	-960.976	2950
115350	1886.36	-2200	498.284
85733	3600	-2135.5	-1708.4
114529	1708.4	-2200	355.917
117479	2349.05	-2200	1067.75
20406	2313.46	1743.99	-2950
114581	1708.4	-2200	-1494.85
140406	142.367	2200	1352.48
71605	3600	-1530.44	2384.64
99550	-1530.44	-2200	-925.384
139933	35.5917	2200	569.467
117310	2313.46	-2200	1210.12
154086	3096.48	2200	1886.36
13043	213.55	-2028.73	-2950
114697	1743.99	-2200	249.142
121819	3274.44	-2200	-711.834
70716	3600	1850.77	2669.38
144900	1103.34	2200	-35.5917
47471	2989.7	1921.95	2950
82339	3600	-355.917	-711.834
70470	3600	1850.77	2740.56
70560	3600	676.242	2704.97
142019	498.284	2200	2669.38
40167	889.792	249.142	2950
75761	3600	1921.95	1210.12
15686	960.976	106.775	-2950
23505	3238.84	-1779.58	-2950
115051	1815.18	-2200	-605.059
24685	3559.17	818.609	-2950
23042	3096.48	-747.426	-2950
111754	1103.34	-2200	-711.834
71307	3600	996.567	2491.42
24050	3381.21	106.775	-2950
48619	3345.62	-996.567	2950
80894	3600	747.426	-284.734
120772	3060.89	-2200	1316.89
149491	2099.91	2200	996.567
46425	2704.97	-284.734	2950
36430	-177.958	-1423.67	2950
114471	1708.4	-2200	2420.24
44053	2028.73	-1530.44	2950
84576	3600	462.692	-1352.48
112230	1210.12	-2200	-35.5917
117385	2313.46	-2200	-1459.26
68534	-3600	-1388.08	-2598.19
115892	1993.13	-2200	-1174.53
70676	3600	427.1	2669.38
13029	177.958	1850.77	-2950
87716	3600	-1601.63	-2277.87
48274	3238.84	-142.367	2950
154786	3238.84	2200	462.692
85566	3600	676.242	-1637.22
142791	640.651	2200	-1316.89
48836	3416.8	-2028.73	2950
135470	-925.384	2200	854.201
154948	3274.44	2200	569.467
48678	3345.62	1103.34	2950
36873	-71.1834	1210.12	2950
8578	-1103.34	1032.16	-2950
82580	3600	-533.875	-783.017
71247	3600	-1138.93	2491.42
48296	3238.84	640.651	2950
73200	3600	-1672.81	1921.95
29498	-2206.69	1388.08	2950
40932	1103.34	1210.12	2950
149548	2099.91	2200	-1032.16
113180	1423.67	-2200	1388.08
119222	2704.97	-2200	-2242.28
142519	605.059	2200	2491.42
114539	1708.4	-2200	-0
42358	1530.44	-569.467	2950
117770	2420.24	-2200	2455.83
112224	1210.12	-2200	177.958
41842	1388.08	-1423.67	2950
112587	1281.3	-2200	-996.567
73457	3600	-1281.3	1850.77
77575	3600	818.609	676.242
21102	2527.01	249.142	-2950
145038	1138.93	2200	925.384
83962	3600	498.284	-1174.53
147875	1743.99	2200	-213.55
101369	-1138.93	-2200	-1067.75
79365	3600	-1138.93	142.367
150198	2242.28	2200	-676.242
148901	1957.54	2200	-1494.85
156145	3523.58	2200	-925.384
154899	3274.44	2200	2313.46
114528	1708.4	-2200	391.509
61193	-3600	0	-462.692
151032	2420.24	2200	-996.567
88155	3600	889.792	-2384.64
46830	2811.74	996.567	2950
107563	213.55	-2200	1637.22
45959	2562.6	640.651	2950
107559	213.55	-2200	1779.58
107244	142.367	-2200	1245.71
45686	2491.42	-320.325	2950
57958	-3600	-1316.89	462.692
79775	3600	320.325	35.5917
113946	1566.03	-2200	-2384.64
16144	1103.34	-1103.34	-2950
156265	3559.17	2200	676.242
112878	1352.48	-2200	391.509
78965	3600	2135.5	284.734
42298	1494.85	1672.81	2950
76995	3600	2064.32	854.201
35378	-498.284	533.875	2950
86451	3600	1530.44	-1886.36
84410	3600	-1067.75	-1316.89
105564	-213.55	-2200	2313.46
96978	-2064.32	-2200	2527.01
43827	1957.54	-818.609	2950
109276	569.467	-2200	-605.059
107452	177.958	-2200	-284.734
105074	-320.325	-2200	2135.5
110435	818.609	-2200	-747.426
39134	605.059	-1494.85	2950
104757	-391.509	-2200	1672.81
48153	3203.25	-71.1834	2950
152726	2776.15	2200	-2562.6
120671	3025.29	-2200	-960.976
119489	2776.15	-2200	-0
24549	3523.58	355.917	-2950
135882	-854.201	2200	-2064.32
135852	-854.201	2200	-996.567
141774	427.1	2200	-355.917
15426	889.792	-391.509	-2950
100593	-1316.89	-2200	-2811.74
23170	3132.07	-569.467	-2950
4724	-2206.69	-427.1	-2950
84368	3600	1815.18	-1281.3
114895	1779.58	-2200	-925.384
103474	-676.242	-2200	355.917
12831	142.367	-818.609	-2950
109443	605.059	-2200	-676.242
122885	3523.58	-2200	2455.83
80502	3600	-71.1834	-177.958
112574	1281.3	-2200	-533.875
39409	676.242	-462.692	2950
116013	2028.73	-2200	391.509
115502	1921.95	-2200	960.976
152836	2811.74	2200	-605.059
113172	1423.67	-2200	1672.81
42666	1601.63	1637.22	2950
77232	3600	1743.99	783.017
140329	106.775	2200	-1779.58
34544	-747.426	1494.85	2950
142232	533.875	2200	960.976
41118	1174.53	-925.384	2950
110014	747.426	-2200	2491.42
62383	-3600	-1423.67	-818.609
113344	1459.26	-2200	1423.67
142385	569.467	2200	1388.08
135929	-818.609	2200	2135.5
139584	-35.5917	2200	1245.71
35726	-391.509	-213.55	2950
22782	3025.29	-1245.71	-2950
46333	2669.38	818.609	2950
76969	3600	1138.93	854.201
48490	3310.03	-1210.12	2950
81547	3600	2099.91	-462.692
23258	3167.66	-1815.18	-2950
104152	-533.875	-2200	-284.734
150044	2206.69	2200	-1067.75
149899	2171.09	2200	-1779.58
111525	1067.75	-2200	1566.03
79402	3600	177.958	142.367
110906	925.384	-2200	106.775
42498	1566.03	35.5917	2950
30624	-1886.36	2064.32	2950
47437	2989.7	711.834	2950
83418	3600	-1352.48	-1032.16
39490	711.834	-1957.54	2950
45586	2455.83	498.284	2950
112660	1316.89	-2200	2277.87
81665	3600	1921.95	-498.284
114727	1743.99	-2200	-818.609
72295	3600	1138.93	2206.69
152601	2776.15	2200	1886.36
149829	2171.09	2200	711.834
73780	3600	1459.26	1779.58
114050	1601.63	-2200	-213.55
76003	3600	1779.58	1138.93
114195	1637.22	-2200	498.284
19450	2064.32	-1637.22	-2950
108234	355.917	-2200	1245.71
89483	3600	0	-2776.15
24649	3559.17	-462.692	-2950
76621	3600	1886.36	960.976
116557	2135.5	-2200	-1352.48
116891	2206.69	-2200	-1494.85
110557	854.201	-2200	783.017
23769	3310.03	-1138.93	-2950
70794	3600	249.142	2633.79
109583	640.651	-2200	213.55
143363	783.017	2200	1815.18
83278	3600	-1957.54	-996.567
82727	3600	320.325	-818.609
98321	-1779.58	-2200	1708.4
70244	3600	-1815.18	2776.15
121286	3167.66	-2200	640.651
83045	3600	-1494.85	-925.384
85506	3600	-1459.26	-1637.22
122542	3452.39	-2200	2918.52
120920	3096.48	-2200	1921.95
116981	2242.28	-2200	1174.53
15529	925.384	-1103.34	-2950
119392	2740.56	-2200	-2420.24
74150	3600	1494.85	1672.81
114387	1672.81	-2200	-462.692
48225	3238.84	-1886.36	2950
48869	3416.8	-854.201	2950
87062	3600	1388.08	-2064.32
138605	-249.142	2200	854.201
140264	106.775	2200	533.875
147696	1708.4	2200	284.734
111858	1138.93	-2200	1459.26
147245	1601.63	2200	-1281.3
108951	498.284	-2200	-783.017
74865	3600	676.242	1459.26
42659	1601.63	1388.08	2950
153751	3025.29	2200	2064.32
18240	1708.4	-925.384	-2950
77976	3600	1957.54	569.467
121551	3203.25	-2200	-2918.52
73778	3600	1388.08	1779.58
152300	2704.97	2200	854.201
10547	-533.875	1067.75	-2950
130871	-1921.95	2200	106.775
153818	3025.29	2200	-320.325
45322	2384.64	-142.367	2950
42107	1459.26	-747.426	2950
149389	2064.32	2200	-1245.71
152288	2704.97	2200	1281.3
146700	1494.85	2200	498.284
113214	1423.67	-2200	177.958
77295	3600	-391.509	747.426
110118	747.426	-2200	-1210.12
116501	2135.5	-2200	640.651
22351	2882.93	925.384	-2950
108755	462.692	-2200	320.325
15641	960.976	-1494.85	-2950
75526	3600	-2064.32	1245.71
139968	35.5917	2200	-676.242
77045	3600	-533.875	818.609
117132	2277.87	-2200	1672.81
86527	3600	-142.367	-1921.95
116392	2099.91	-2200	-1352.48
20280	2277.87	1637.22	-2950
147221	1601.63	2200	-427.1
118559	2562.6	-2200	-2135.5
72544	3600	1245.71	2135.5
83738	3600	1281.3	-1103.34
154709	3203.25	2200	-2669.38
87386	3600	-213.55	-2171.09
120414	2989.7	-2200	2313.46
114729	1743.99	-2200	-889.792
24541	3523.58	71.1834	-2950
84488	3600	1708.4	-1316.89
50096	-3600	-960.976	2740.56
86078	3600	1388.08	-1779.58
96886	-2099.91	-2200	-71.1834
132148	-1637.22	2200	1637.22
139620	-35.5917	2200	-35.5917
8224	-1210.12	1566.03	-2950
108603	427.1	-2200	-142.367
52049	-3600	-1494.85	2171.09
22884	3060.89	-1993.13	-2950
150679	2349.05	2200	-177.958
117460	2349.05	-2200	1743.99
114189	1637.22	-2200	711.834
141928	462.692	2200	35.5917
19396	2028.73	818.609	-2950
44841	2242.28	249.142	2950
113876	1566.03	-2200	106.775
73304	3600	2028.73	1921.95
37682	177.958	-640.651	2950
148087	1779.58	2200	-1886.36
77324	3600	640.651	747.426
73125	3600	35.5917	1957.54
82128	3600	889.792	-640.651
14896	747.426	-1743.99	-2950
154836	3238.84	2200	-1316.89
15864	996.567	2064.32	-2950
23900	3345.62	-854.201	-2950
48147	3203.25	-284.734	2950
89249	3600	427.1	-2704.97
23768	3310.03	-1174.53	-2950
85346	3600	1601.63	-1566.03
115401	1886.36	-2200	-1316.89
140397	142.367	2200	1672.81
106625	0	-2200	-213.55
116260	2064.32	-2200	-2527.01
10879	-427.1	-249.142	-2950
84567	3600	142.367	-1352.48
11239	-320.325	-569.467	-2950
84570	3600	249.142	-1352.48
12663	71.1834	1957.54	-2950
14648	676.242	-1815.18	-2950
10773	-462.692	355.917	-2950
149873	2171.09	2200	-854.201
144111	925.384	2200	-1316.89
16474	1174.53	1886.36	-2950
147045	1566.03	2200	-35.5917
106610	0	-2200	320.325
141297	320.325	2200	-996.567
71935	3600	1459.26	2313.46
48304	3238.84	925.384	2950
113364	1459.26	-2200	711.834
138404	-284.734	2200	2135.5
73869	3600	249.142	1743.99
138571	-249.142	2200	2064.32
26203	-3132.07	-2064.32	2950
81783	3600	1743.99	-533.875
18894	1886.36	462.692	-2950
116566	2135.5	-2200	-1672.81
59181	-3600	-1566.03	106.775
149340	2064.32	2200	498.284
150491	2313.46	2200	640.651
29410	-2206.69	-1743.99	2950
150861	2384.64	2200	-783.017
133849	-1281.3	2200	-177.958
14322	569.467	-284.734	-2950
115992	2028.73	-2200	1138.93
100048	-1423.67	-2200	-1032.16
114693	1743.99	-2200	391.509
115397	1886.36	-2200	-1174.53
88532	3600	1174.53	-2491.42
43644	1886.36	1423.67	2950
74779	3600	1993.13	1494.85
114556	1708.4	-2200	-605.059
114370	1672.81	-2200	142.367
36938	-35.5917	-854.201	2950
115504	1921.95	-2200	889.792
87678	3600	1423.67	-2242.28
77416	3600	-462.692	711.834
38246	320.325	1921.95	2950
72820	3600	-2064.32	2028.73
28656	-2455.83	2064.32	2950
117389	2313.46	-2200	-1601.63
74598	3600	-71.1834	1530.44
154628	3203.25	2200	213.55
37510	106.775	1993.13	2950
75614	3600	1067.75	1245.71
112369	1245.71	-2200	889.792
76987	3600	1779.58	854.201
151212	2455.83	2200	-1530.44
151372	2491.42	2200	-1352.48
113909	1566.03	-2200	-1067.75
110605	854.201	-2200	-925.384
23534	3238.84	-747.426	-2950
136038	-818.609	2200	-1743.99
104347	-498.284	-2200	-1352.48
121919	3310.03	-2200	1601.63
63718	-3600	-2064.32	-1210.12
118214	2491.42	-2200	-1601.63
134511	-1138.93	2200	-249.142
12986	177.958	320.325	-2950
156301	3559.17	2200	-605.059
114998	1815.18	-2200	1281.3
20932	2491.42	-1423.67	-2950
114673	1743.99	-2200	1103.34
79529	3600	320.325	106.775
21873	2740.56	1423.67	-2950
71761	3600	-355.917	2349.05
102875	-818.609	-2200	-1815.18
112714	1316.89	-2200	355.917
113690	1530.44	-2200	854.201
79555	3600	1245.71	106.775
115683	1957.54	-2200	391.509
72382	3600	-142.367	2171.09
77829	3600	1103.34	605.059
73711	3600	-996.567	1779.58
154614	3203.25	2200	711.834
140110	71.1834	2200	142.367
135109	-996.567	2200	1957.54
86314	3600	1032.16	-1850.77
138130	-355.917	2200	142.367
131294	-1815.18	2200	2669.38
131469	-1779.58	2200	2313.46
139613	-35.5917	2200	213.55
133812	-1281.3	2200	1138.93
36148	-284.734	1672.81	2950
8114	-1245.71	2028.73	-2950
86699	3600	1601.63	-1957.54
78098	3600	1921.95	533.875
116901	2206.69	-2200	-1850.77
77482	3600	1886.36	711.834
56416	-3600	711.834	925.384
13684	391.509	-1103.34	-2950
118923	2669.38	-2200	2527.01
117268	2313.46	-2200	2704.97
153925	3060.89	2200	1743.99
22787	3025.29	-1067.75	-2950
10750	-462.692	-462.692	-2950
108881	498.284	-2200	1708.4
81453	3600	-1245.71	-462.692
113421	1459.26	-2200	-1316.89
108397	391.509	-2200	1316.89
12219	-35.5917	-711.834	-2950
115526	1921.95	-2200	106.775
109299	569.467	-2200	-1423.67
85377	3600	-1672.81	-1601.63
109550	640.651	-2200	1388.08
103318	-711.834	-2200	35.5917
104165	-533.875	-2200	-747.426
108563	427.1	-2200	1281.3
104332	-498.284	-2200	-818.609
140436	142.367	2200	284.734
104780	-391.509	-2200	854.201
13138	213.55	1352.48	-2950
119386	2740.56	-2200	-2206.69
155484	3381.21	2200	-889.792
122549	3452.39	-2200	2669.38
115202	1850.77	-2200	-106.775
117473	2349.05	-2200	1281.3
115197	1850.77	-2200	71.1834
105652	-213.55	-2200	-818.609
108381	391.509	-2200	1886.36
111077	960.976	-2200	-106.775
111723	1103.34	-2200	391.509
135454	-925.384	2200	1423.67
84977	3600	1601.63	-1459.26
115068	1815.18	-2200	-1210.12
70544	3600	106.775	2704.97
70427	3600	320.325	2740.56
116237	2064.32	-2200	-1708.4
114065	1601.63	-2200	-747.426
77108	3600	1708.4	818.609
22657	2989.7	-1316.89	-2950
113724	1530.44	-2200	-355.917
105315	-284.734	-2200	-569.467
48506	3310.03	-640.651	2950
154306	3132.07	2200	-71.1834
155830	3452.39	2200	-1459.26
49251	3523.58	-391.509	2950
86221	3600	2099.91	-1815.18
154824	3238.84	2200	-889.792
109133	533.875	-2200	-1388.08
80838	3600	-1245.71	-284.734
45748	2491.42	1886.36	2950
108275	355.917	-2200	-213.55
40913	1103.34	533.875	2950
135258	-960.976	2200	2527.01
151774	2598.19	2200	1957.54
74651	3600	1815.18	1530.44
85232	3600	1921.95	-1530.44
48750	3381.21	-711.834	2950
73157	3600	1174.53	1957.54
75506	3600	1601.63	1281.3
79573	3600	1886.36	106.775
140404	142.367	2200	1423.67
149673	2135.5	2200	391.509
86449	3600	1459.26	-1886.36
137996	-391.509	2200	-960.976
40823	1067.75	1708.4	2950
10234	-605.059	-1316.89	-2950
47793	3096.48	249.142	2950
106673	0	-2200	-1921.95
117230	2277.87	-2200	-1815.18
154158	3096.48	2200	-676.242
116849	2206.69	-2200	-0
115873	1993.13	-2200	-498.284
74543	3600	-2028.73	1530.44
122588	3452.39	-2200	1281.3
74980	3600	391.509	1423.67
118279	2527.01	-2200	1957.54
109204	569.467	-2200	1957.54
35751	-391.509	676.242	2950
116961	2242.28	-2200	1886.36
85399	3600	-889.792	-1601.63
117715	2384.64	-2200	-1459.26
15820	996.567	498.284	-2950
114399	1672.81	-2200	-889.792
121393	3203.25	-2200	2704.97
114230	1637.22	-2200	-747.426
114518	1708.4	-2200	747.426
71541	3600	569.467	2420.24
74639	3600	1388.08	1530.44
151245	2455.83	2200	-2704.97
109283	569.467	-2200	-854.201
22553	2954.11	-640.651	-2950
86573	3600	1494.85	-1921.95
73653	3600	1316.89	1815.18
41830	1388.08	-1850.77	2950
81175	3600	1993.13	-355.917
66481	-3600	-35.5917	-1993.13
83754	3600	1850.77	-1103.34
152291	2704.97	2200	1174.53
117527	2349.05	-2200	-640.651
18954	1921.95	-1779.58	-2950
116098	2028.73	-2200	-2633.79
78800	3600	640.651	320.325
115374	1886.36	-2200	-355.917
116599	2135.5	-2200	-2847.34
103078	-747.426	-2200	2704.97
108462	391.509	-2200	-996.567
77965	3600	1566.03	569.467
12109	-71.1834	-249.142	-2950
114055	1601.63	-2200	-391.509
151009	2420.24	2200	-177.958
108192	355.917	-2200	2740.56
113889	1566.03	-2200	-355.917
78711	3600	1850.77	355.917
114354	1672.81	-2200	711.834
114190	1637.22	-2200	676.242
113247	1423.67	-2200	-996.567
113725	1530.44	-2200	-391.509
116192	2064.32	-2200	-106.775
108389	391.509	-2200	1601.63
115003	1815.18	-2200	1103.34
82277	3600	1815.18	-676.242
54712	-3600	1352.48	1423.67
119459	2776.15	-2200	1067.75
121124	3132.07	-2200	533.875
47680	3060.89	605.059	2950
154515	3167.66	2200	-1637.22
156177	3523.58	2200	-2064.32
141399	355.917	2200	1245.71
152017	2633.79	2200	-818.609
111756	1103.34	-2200	-783.017
149043	1993.13	2200	-676.242
139265	-106.775	2200	854.201
144028	925.384	2200	1637.22
14801	711.834	-747.426	-2950
59990	-3600	960.976	-106.775
144516	1032.16	2200	1886.36
137074	-569.467	2200	2491.42
116664	2171.09	-2200	711.834
146563	1459.26	2200	-498.284
46399	2704.97	-1210.12	2950
12587	71.1834	-747.426	-2950
147730	1708.4	2200	-925.384
46247	2633.79	2135.5	2950
122953	3523.58	-2200	35.5917
149730	2135.5	2200	-1637.22
72269	3600	213.55	2206.69
17267	1423.67	-533.875	-2950
72630	3600	-71.1834	2099.91
148350	1850.77	2200	498.284
115473	1921.95	-2200	1993.13
78171	3600	142.367	498.284
130108	-2099.91	2200	-2099.91
36385	-213.55	1352.48	2950
149177	2028.73	2200	427.1
44629	2171.09	1459.26	2950
145078	1138.93	2200	-498.284
154254	3132.07	2200	1779.58
89415	3600	1957.54	-2740.56
23167	3132.07	-676.242	-2950
119145	2704.97	-2200	498.284
119343	2740.56	-2200	-676.242
17884	1601.63	-462.692	-2950
23547	3238.84	-284.734	-2950
23431	3203.25	-35.5917	-2950
113357	1459.26	-2200	960.976
107841	249.142	-2200	-2384.64
71548	3600	818.609	2420.24
89127	3600	462.692	-2669.38
145376	1210.12	2200	640.651
23278	3167.66	-1103.34	-2950
24415	3487.99	-35.5917	-2950
141956	462.692	2200	-960.976
14471	605.059	640.651	-2950
24064	3381.21	605.059	-2950
119490	2776.15	-2200	-35.5917
19055	1921.95	1815.18	-2950
151955	2633.79	2200	1388.08
119661	2811.74	-2200	-249.142
150492	2313.46	2200	605.059
84833	3600	854.201	-1423.67
153261	2918.52	2200	1886.36
134294	-1174.53	2200	1601.63
134984	-1032.16	2200	533.875
138804	-213.55	2200	-355.917
135651	-889.792	2200	284.734
78309	3600	676.242	462.692
20969	2491.42	-106.775	-2950
82678	3600	-1423.67	-818.609
18469	1779.58	-1530.44	-2950
18932	1886.36	1815.18	-2950
114870	1779.58	-2200	-35.5917
115400	1886.36	-2200	-1281.3
18693	1815.18	2064.32	-2950
105645	-213.55	-2200	-569.467
119074	2669.38	-2200	-2847.34
105815	-177.958	-2200	-747.426
48671	3345.62	854.201	2950
5692	-1921.95	-996.567	-2950
69903	3600	-818.609	2882.93
76438	3600	-249.142	996.567
137537	-498.284	2200	-2242.28
151301	2491.42	2200	1174.53
122508	3416.8	-2200	-1743.99
105634	-213.55	-2200	-177.958
34708	-676.242	-1423.67	2950
114730	1743.99	-2200	-925.384
81297	3600	1957.54	-391.509
140131	71.1834	2200	-605.059
115496	1921.95	-2200	1174.53
117923	2455.83	-2200	2882.93
88035	3600	996.567	-2349.05
20453	2349.05	-960.976	-2950
142387	569.467	2200	1316.89
155607	3416.8	2200	605.059
149989	2206.69	2200	889.792
107256	142.367	-2200	818.609
46916	2847.34	-320.325	2950
141314	320.325	2200	-1601.63
148855	1957.54	2200	142.367
99277	-1566.03	-2200	2918.52
70357	3600	-2171.09	2740.56
143577	818.609	2200	71.1834
145204	1174.53	2200	889.792
40391	960.976	-533.875	2950
63938	-3600	1388.08	-1245.71
148135	1815.18	2200	2277.87
45972	2562.6	1103.34	2950
4486	-2277.87	-142.367	-2950
64755	-3600	-177.958	-1494.85
139897	35.5917	2200	1850.77
57393	-3600	462.692	640.651
2766	-2776.15	-71.1834	-2950
67943	-3600	-533.875	-2420.24
134824	-1067.75	2200	355.917
26234	-3132.07	-960.976	2950
47571	3025.29	1103.34	2950
11502	-249.142	35.5917	-2950
140919	249.142	2200	711.834
152099	2669.38	2200	2135.5
74737	3600	498.284	1494.85
47726	3096.48	-2135.5	2950
46923	2847.34	-71.1834	2950
150821	2384.64	2200	640.651
87471	3600	-1566.03	-2206.69
10020	-676.242	-177.958	-2950
21948	2776.15	-284.734	-2950
81975	3600	-177.958	-605.059
81320	3600	-1601.63	-427.1
43121	1743.99	320.325	2950
43814	1957.54	-1281.3	2950
41036	1138.93	533.875	2950
112752	1316.89	-2200	-996.567
24317	3452.39	854.201	-2950
107314	142.367	-2200	-1245.71
21195	2562.6	-818.609	-2950
148022	1779.58	2200	427.1
149480	2099.91	2200	1388.08
136417	-711.834	2200	2384.64
129577	-2206.69	2200	-818.609
128750	-2384.64	2200	-747.426
135420	-925.384	2200	2633.79
38847	498.284	1423.67	2950
37628	142.367	1815.18	2950
37263	35.5917	1957.54	2950
103420	-676.242	-2200	2277.87
71132	3600	-854.201	2527.01
155884	3487.99	2200	2491.42
151463	2527.01	2200	1281.3
16700	1245.71	1174.53	-2950
150804	2384.64	2200	1245.71
74640	3600	1423.67	1530.44
20888	2455.83	1388.08	-2950
114512	1708.4	-2200	960.976
24667	3559.17	177.958	-2950
120079	2918.52	-2200	2491.42
88126	3600	-142.367	-2384.64
139808	0	2200	-854.201
74839	3600	-249.142	1459.26
147684	1708.4	2200	711.834
147096	1566.03	2200	-1850.77
47997	3167.66	-1245.71	2950
82738	3600	711.834	-818.609
14988	747.426	1530.44	-2950
115238	1850.77	-2200	-1388.08
13991	462.692	1067.75	-2950
49131	3487.99	-284.734	2950
145398	1210.12	2200	-142.367
149658	2135.5	2200	925.384
9917	-711.834	533.875	-2950
43613	1886.36	320.325	2950
18422	1743.99	1174.53	-2950
105599	-213.55	-2200	1067.75
112568	1281.3	-2200	-320.325
150156	2242.28	2200	818.609
88742	3600	-106.775	-2562.6
121863	3274.44	-2200	-2277.87
13755	391.509	1423.67	-2950
47209	2918.52	1352.48	2950
47078	2882.93	1067.75	2950
75490	3600	1032.16	1281.3
147571	1672.81	2200	-1138.93
105595	-213.55	-2200	1210.12
140255	106.775	2200	854.201
86265	3600	-711.834	-1850.77
81966	3600	-498.284	-605.059
141593	391.509	2200	213.55
33419	-1067.75	854.201	2950
10393	-569.467	-35.5917	-2950
45975	2562.6	1210.12	2950
144565	1032.16	2200	142.367
147034	1566.03	2200	355.917
152704	2776.15	2200	-1779.58
146864	1530.44	2200	533.875
134541	-1138.93	2200	-1316.89
40825	1067.75	1779.58	2950
112892	1352.48	-2200	-106.775
113223	1423.67	-2200	-142.367
110960	925.384	-2200	-1815.18
7425	-1423.67	-605.059	-2950
71931	3600	1316.89	2313.46
143603	818.609	2200	-854.201
145040	1138.93	2200	854.201
145366	1210.12	2200	996.567
143435	783.017	2200	-747.426
147169	1601.63	2200	1423.67
17988	1637.22	-1138.93	-2950
48368	3274.44	-1174.53	2950
48347	3274.44	-1921.95	2950
73398	3600	996.567	1886.36
48237	3238.84	-1459.26	2950
88766	3600	747.426	-2562.6
87801	3600	1423.67	-2277.87
74884	3600	1352.48	1459.26
120892	3096.48	-2200	2918.52
45582	2455.83	355.917	2950
46339	2669.38	1032.16	2950
106181	-106.775	-2200	-2028.73
117961	2455.83	-2200	1530.44
87968	3600	-1388.08	-2349.05
78968	3600	-2135.5	249.142
115492	1921.95	-2200	1316.89
47656	3060.89	-249.142	2950
113864	1566.03	-2200	533.875
85901	3600	-533.875	-1743.99
18808	1850.77	1779.58	-2950
37309	71.1834	-783.017	2950
144600	1032.16	2200	-1103.34
145213	1174.53	2200	569.467
145216	1174.53	2200	462.692
124769	-3238.84	2200	-0
81166	3600	1672.81	-355.917
144550	1032.16	2200	676.242
146014	1352.48	2200	1423.67
6012	-1850.77	1637.22	-2950
22414	2918.52	-1210.12	-2950
113397	1459.26	-2200	-462.692
113906	1566.03	-2200	-960.976
114741	1743.99	-2200	-1316.89
40329	925.384	1637.22	2950
118768	2633.79	-2200	2171.09
149942	2206.69	2200	2562.6
117046	2242.28	-2200	-1138.93
47535	3025.29	-177.958	2950
89668	3600	-2171.09	-2847.34
118275	2527.01	-2200	2099.91
88397	3600	747.426	-2455.83
47270	2954.11	-854.201	2950
114859	1779.58	-2200	355.917
43877	1957.54	960.976	2950
55902	-3600	-71.1834	1067.75
81289	3600	1672.81	-391.509
88893	3600	889.792	-2598.19
147531	1672.81	2200	284.734
118685	2598.19	-2200	-747.426
156126	3523.58	2200	-249.142
22297	2882.93	-996.567	-2950
109557	640.651	-2200	1138.93
79080	3600	1850.77	249.142
73767	3600	996.567	1779.58
79322	3600	1708.4	177.958
81082	3600	-1316.89	-355.917
57242	-3600	-533.875	676.242
151965	2633.79	2200	1032.16
76464	3600	676.242	996.567
69774	3600	-1032.16	2918.52
21787	2740.56	-1637.22	-2950
113268	1423.67	-2200	-1743.99
79073	3600	1601.63	249.142
112899	1352.48	-2200	-355.917
108307	355.917	-2200	-1352.48
21666	2704.97	-1566.03	-2950
33068	-1174.53	1494.85	2950
112067	1174.53	-2200	-106.775
86810	3600	1174.53	-1993.13
111781	1103.34	-2200	-1672.81
116970	2242.28	-2200	1566.03
114522	1708.4	-2200	605.059
86521	3600	-355.917	-1921.95
152124	2669.38	2200	1245.71
116327	2099.91	-2200	960.976
145770	1281.3	2200	-1637.22
35355	-498.284	-284.734	2950
118837	2633.79	-2200	-284.734
40743	1067.75	-1138.93	2950
111808	1103.34	-2200	-2633.79
109766	676.242	-2200	-427.1
76922	3600	-533.875	854.201
105602	-213.55	-2200	960.976
75194	3600	-747.426	1352.48
101364	-1138.93	-2200	-889.792
85157	3600	-747.426	-1530.44
81593	3600	-640.651	-498.284
110692	889.792	-2200	1850.77
35626	-427.1	605.059	2950
75964	3600	391.509	1138.93
135477	-925.384	2200	605.059
36142	-284.734	1459.26	2950
36574	-142.367	-676.242	2950
137635	-462.692	2200	142.367
150965	2420.24	2200	1388.08
140362	142.367	2200	2918.52
75971	3600	640.651	1138.93
102188	-960.976	-2200	-854.201
116365	2099.91	-2200	-391.509
101860	-1032.16	-2200	-925.384
113055	1388.08	-2200	-35.5917
108432	391.509	-2200	71.1834
115194	1850.77	-2200	177.958
43480	1850.77	-35.5917	2950
139809	0	2200	-889.792
49191	3487.99	1850.77	2950
86875	3600	-889.792	-2028.73
86525	3600	-213.55	-1921.95
19355	2028.73	-640.651	-2950
122626	3452.39	-2200	-71.1834
22424	2918.52	-854.201	-2950
118767	2633.79	-2200	2206.69
79934	3600	1601.63	-0
121065	3132.07	-2200	2633.79
112938	1352.48	-2200	-1743.99
36156	-284.734	1957.54	2950
97891	-1886.36	-2200	-605.059
65842	-3600	-889.792	-1815.18
94504	-2598.19	-2200	2491.42
24447	3487.99	1103.34	-2950
118796	2633.79	-2200	1174.53
88930	3600	-2171.09	-2633.79
22605	2954.11	1210.12	-2950
34325	-783.017	-1921.95	2950
93593	-2811.74	-2200	-320.325
120770	3060.89	-2200	1388.08
123025	3523.58	-2200	-2527.01
6732	-1637.22	996.567	-2950
14188	533.875	-676.242	-2950
8327	-1174.53	854.201	-2950
138296	-320.325	2200	106.775
37593	142.367	569.467	2950
12269	-35.5917	1067.75	-2950
29224	-2277.87	391.509	2950
17028	1352.48	-284.734	-2950
9165	-925.384	35.5917	-2950
64921	-3600	1352.48	-1530.44
88534	3600	1245.71	-2491.42
114253	1637.22	-2200	-1566.03
47921	3132.07	427.1	2950
19290	1993.13	1423.67	-2950
107770	249.142	-2200	142.367
48595	3345.62	-1850.77	2950
113590	1494.85	-2200	-1459.26
150651	2349.05	2200	818.609
69785	3600	-640.651	2918.52
22515	2954.11	-1993.13	-2950
40762	1067.75	-462.692	2950
36845	-71.1834	213.55	2950
115132	1850.77	-2200	2384.64
153909	3060.89	2200	2313.46
114654	1743.99	-2200	1779.58
154074	3096.48	2200	2313.46
109415	605.059	-2200	320.325
12522	35.5917	1316.89	-2950
150499	2313.46	2200	355.917
77863	3600	-2064.32	569.467
78430	3600	605.059	427.1
40501	996.567	-996.567	2950
137939	-391.509	2200	1067.75
147896	1743.99	2200	-960.976
89413	3600	1886.36	-2740.56
117778	2420.24	-2200	2171.09
113404	1459.26	-2200	-711.834
118434	2562.6	-2200	2313.46
109108	533.875	-2200	-498.284
111888	1138.93	-2200	391.509
110566	854.201	-2200	462.692
105664	-213.55	-2200	-1245.71
41465	1281.3	-1708.4	2950
89507	3600	854.201	-2776.15
151244	2455.83	2200	-2669.38
81632	3600	747.426	-498.284
117826	2420.24	-2200	462.692
70249	3600	-1637.22	2776.15
132664	-1530.44	2200	889.792
112437	1245.71	-2200	-1530.44
122346	3381.21	-2200	-1850.77
106254	-71.1834	-2200	1245.71
110949	925.384	-2200	-1423.67
74444	3600	-1174.53	1566.03
119807	2847.34	-2200	427.1
113534	1494.85	-2200	533.875
108973	498.284	-2200	-1566.03
78307	3600	605.059	462.692
79198	3600	1672.81	213.55
118569	2562.6	-2200	-2491.42
102640	-854.201	-2200	676.242
114590	1708.4	-2200	-1815.18
87168	3600	783.017	-2099.91
20815	2455.83	-1210.12	-2950
75683	3600	-854.201	1210.12
115157	1850.77	-2200	1494.85
151866	2598.19	2200	-1316.89
119256	2740.56	-2200	2420.24
111911	1138.93	-2200	-427.1
117086	2242.28	-2200	-2562.6
22676	2989.7	-640.651	-2950
13973	462.692	427.1	-2950
121718	3274.44	-2200	2882.93
115163	1850.77	-2200	1281.3
71623	3600	-889.792	2384.64
115953	2028.73	-2200	2527.01
79351	3600	-1637.22	142.367
73012	3600	391.509	1993.13
47495	3025.29	-1601.63	2950
48259	3238.84	-676.242	2950
9174	-925.384	355.917	-2950
61034	-3600	-1281.3	-427.1
15552	925.384	-284.734	-2950
16563	1210.12	676.242	-2950
146566	1459.26	2200	-605.059
108920	498.284	-2200	320.325
99892	-1459.26	-2200	-1352.48
113689	1530.44	-2200	889.792
75388	3600	1779.58	1316.89
83960	3600	427.1	-1174.53
82375	3600	925.384	-711.834
85291	3600	-355.917	-1566.03
86109	3600	-1886.36	-1815.18
113885	1566.03	-2200	-213.55
47119	2918.52	-1850.77	2950
113071	1388.08	-2200	-605.059
108645	427.1	-2200	-1637.22
76552	3600	-569.467	960.976
146559	1459.26	2200	-355.917
20935	2491.42	-1316.89	-2950
84717	3600	1103.34	-1388.08
80551	3600	1672.81	-177.958
114086	1601.63	-2200	-1494.85
114233	1637.22	-2200	-854.201
114897	1779.58	-2200	-996.567
82979	3600	533.875	-889.792
87347	3600	-1601.63	-2171.09
104663	-427.1	-2200	-854.201
84394	3600	-1637.22	-1316.89
108810	462.692	-2200	-1637.22
55310	-3600	747.426	1245.71
40872	1103.34	-925.384	2950
46955	2847.34	1067.75	2950
104065	-533.875	-2200	2811.74
86546	3600	533.875	-1921.95
109118	533.875	-2200	-854.201
74862	3600	569.467	1459.26
109755	676.242	-2200	-35.5917
109115	533.875	-2200	-747.426
112310	1210.12	-2200	-2882.93
19911	2171.09	1637.22	-2950
95115	-2491.42	-2200	-1637.22
87429	3600	1316.89	-2171.09
153088	2882.93	2200	2171.09
114043	1601.63	-2200	35.5917
145804	1281.3	2200	-2847.34
147587	1672.81	2200	-1708.4
107501	177.958	-2200	-2028.73
114739	1743.99	-2200	-1245.71
80188	3600	1886.36	-71.1834
70147	3600	-889.792	2811.74
112420	1245.71	-2200	-925.384
108911	498.284	-2200	640.651
69938	3600	427.1	2882.93
75970	3600	605.059	1138.93
79528	3600	284.734	106.775
48811	3381.21	1459.26	2950
84772	3600	-1316.89	-1423.67
109944	711.834	-2200	-889.792
89853	3600	35.5917	-2882.93
22797	3025.29	-711.834	-2950
75581	3600	-106.775	1245.71
113028	1388.08	-2200	925.384
110957	925.384	-2200	-1708.4
146748	1494.85	2200	-1210.12
109124	533.875	-2200	-1067.75
108148	320.325	-2200	-1566.03
21683	2704.97	-960.976	-2950
115893	1993.13	-2200	-1210.12
115503	1921.95	-2200	925.384
112085	1174.53	-2200	-747.426
107617	213.55	-2200	-284.734
103974	-569.467	-2200	177.958
114037	1601.63	-2200	249.142
104051	-569.467	-2200	-2562.6
113894	1566.03	-2200	-533.875
73272	3600	889.792	1921.95
85098	3600	1530.44	-1494.85
484	-3452.39	1886.36	-2950
22688	2989.7	-213.55	-2950
108616	427.1	-2200	-605.059
150693	2349.05	2200	-676.242
151402	2491.42	2200	-2420.24
119009	2669.38	-2200	-533.875
151341	2491.42	2200	-249.142
76006	3600	1886.36	1138.93
112890	1352.48	-2200	-35.5917
108396	391.509	-2200	1352.48
110756	889.792	-2200	-427.1
93702	-2776.15	-2200	1672.81
17137	1388.08	-783.017	-2950
75352	3600	498.284	1316.89
130410	-2028.73	2200	-1103.34
23715	3274.44	1316.89	-2950
109799	676.242	-2200	-1601.63
121311	3167.66	-2200	-249.142
85612	3600	-2064.32	-1672.81
16667	1245.71	0	-2950
146076	1352.48	2200	-783.017
83430	3600	-925.384	-1032.16
15278	854.201	-1281.3	-2950
151115	2455.83	2200	1921.95
151432	2527.01	2200	2384.64
98322	-1779.58	-2200	1672.81
44132	2028.73	1281.3	2950
117283	2313.46	-2200	2171.09
75438	3600	-818.609	1281.3
146250	1388.08	2200	-1103.34
17509	1494.85	-676.242	-2950
110417	818.609	-2200	-106.775
114087	1601.63	-2200	-1530.44
70755	3600	-1138.93	2633.79
116096	2028.73	-2200	-2562.6
121255	3167.66	-2200	1743.99
22334	2882.93	320.325	-2950
72506	3600	-106.775	2135.5
20065	2242.28	-1637.22	-2950
137696	-462.692	2200	-2028.73
103018	-783.017	-2200	-1032.16
153307	2918.52	2200	249.142
149952	2206.69	2200	2206.69
143104	711.834	2200	-711.834
137161	-569.467	2200	-605.059
136167	-783.017	2200	-462.692
34315	-818.609	2099.91	2950
133511	-1352.48	2200	106.775
16743	1281.3	-1672.81	-2950
11772	-177.958	889.792	-2950
89846	3600	-213.55	-2882.93
21322	2598.19	-676.242	-2950
87973	3600	-1210.12	-2349.05
138462	-284.734	2200	71.1834
141259	320.325	2200	355.917
154694	3203.25	2200	-2135.5
23850	3310.03	1743.99	-2950
116194	2064.32	-2200	-177.958
73410	3600	1423.67	1886.36
19692	2135.5	-1779.58	-2950
44379	2099.91	1316.89	2950
82028	3600	1708.4	-605.059
83628	3600	1743.99	-1067.75
73242	3600	-177.958	1921.95
109245	569.467	-2200	498.284
73118	3600	-213.55	1957.54
152138	2669.38	2200	747.426
18018	1637.22	-71.1834	-2950
154441	3167.66	2200	996.567
138124	-355.917	2200	355.917
106701	0	-2200	-2918.52
8634	-1067.75	-1352.48	-2950
35008	-605.059	498.284	2950
147577	1672.81	2200	-1352.48
80821	3600	-1850.77	-284.734
77421	3600	-284.734	711.834
75473	3600	427.1	1281.3
112596	1281.3	-2200	-1316.89
150798	2384.64	2200	1459.26
145867	1316.89	2200	783.017
120270	2954.11	-2200	1566.03
79048	3600	711.834	249.142
106589	0	-2200	1067.75
119946	2882.93	-2200	1352.48
82396	3600	1672.81	-711.834
10683	-498.284	1530.44	-2950
118959	2669.38	-2200	1245.71
113949	1566.03	-2200	-2491.42
18218	1708.4	-1708.4	-2950
19245	1993.13	-177.958	-2950
45073	2313.46	-249.142	2950
39292	640.651	-249.142	2950
73938	3600	-1672.81	1708.4
74698	3600	-889.792	1494.85
98862	-1672.81	-2200	71.1834
121261	3167.66	-2200	1530.44
80532	3600	996.567	-177.958
8983	-960.976	-2064.32	-2950
42236	1494.85	-533.875	2950
141688	427.1	2200	2704.97
39807	783.017	569.467	2950
114185	1637.22	-2200	854.201
80257	3600	-35.5917	-106.775
120438	2989.7	-2200	1459.26
145544	1245.71	2200	533.875
81134	3600	533.875	-355.917
41626	1316.89	-355.917	2950
23173	3132.07	-462.692	-2950
90009	3600	1210.12	-2918.52
74341	3600	-462.692	1601.63
93143	-2918.52	-2200	-1921.95
147383	1637.22	2200	-320.325
145229	1174.53	2200	-0
112611	1281.3	-2200	-1850.77
113212	1423.67	-2200	249.142
117774	2420.24	-2200	2313.46
103378	-711.834	-2200	-2099.91
119281	2740.56	-2200	1530.44
79181	3600	1067.75	213.55
112885	1352.48	-2200	142.367
111764	1103.34	-2200	-1067.75
113783	1530.44	-2200	-2455.83
20978	2491.42	213.55	-2950
18200	1672.81	2028.73	-2950
89027	3600	1281.3	-2633.79
146851	1530.44	2200	996.567
143510	818.609	2200	2455.83
97884	-1886.36	-2200	-355.917
47480	3025.29	-2135.5	2950
114093	1601.63	-2200	-1743.99
36744	-106.775	996.567	2950
84310	3600	-249.142	-1281.3
77060	3600	0	818.609
111381	1032.16	-2200	818.609
141547	391.509	2200	1850.77
31767	-1530.44	-1032.16	2950
74728	3600	177.958	1494.85
72233	3600	-1067.75	2206.69
112591	1281.3	-2200	-1138.93
114258	1637.22	-2200	-1743.99
106005	-142.367	-2200	-1637.22
112942	1352.48	-2200	-1886.36
61927	-3600	-142.367	-676.242
142607	605.059	2200	-640.651
113545	1494.85	-2200	142.367
112249	1210.12	-2200	-711.834
144543	1032.16	2200	925.384
119943	2882.93	-2200	1459.26
40863	1103.34	-1245.71	2950
135891	-854.201	2200	-2384.64
33486	-1032.16	-1138.93	2950
52888	-3600	2099.91	1957.54
152419	2740.56	2200	2491.42
141614	391.509	2200	-533.875
137526	-498.284	2200	-1850.77
18715	1850.77	-1530.44	-2950
44024	1993.13	1815.18	2950
88345	3600	-1103.34	-2455.83
17152	1388.08	-249.142	-2950
78328	3600	1352.48	462.692
73073	3600	-1815.18	1957.54
113353	1459.26	-2200	1103.34
23089	3096.48	925.384	-2950
21722	2704.97	427.1	-2950
81894	3600	1316.89	-569.467
113717	1530.44	-2200	-106.775
113354	1459.26	-2200	1067.75
113576	1494.85	-2200	-960.976
73063	3600	-2171.09	1957.54
111214	996.567	-2200	889.792
74365	3600	391.509	1601.63
122080	3345.62	-2200	1743.99
72729	3600	-925.384	2064.32
19482	2064.32	-498.284	-2950
77695	3600	711.834	640.651
114255	1637.22	-2200	-1637.22
120928	3096.48	-2200	1637.22
15417	889.792	-711.834	-2950
19983	2206.69	-177.958	-2950
74358	3600	142.367	1601.63
74981	3600	427.1	1423.67
76307	3600	-533.875	1032.16
140929	249.142	2200	355.917
83260	3600	1779.58	-960.976
76348	3600	925.384	1032.16
84982	3600	1779.58	-1459.26
86077	3600	1352.48	-1779.58
110123	747.426	-2200	-1388.08
77469	3600	1423.67	711.834
87427	3600	1245.71	-2171.09
19642	2099.91	818.609	-2950
85068	3600	462.692	-1494.85
151623	2562.6	2200	1459.26
115848	1993.13	-2200	391.509
70615	3600	-1743.99	2669.38
88529	3600	1067.75	-2491.42
13242	249.142	676.242	-2950
155941	3487.99	2200	462.692
21101	2527.01	213.55	-2950
142474	569.467	2200	-1779.58
75251	3600	1281.3	1352.48
154511	3167.66	2200	-1494.85
143409	783.017	2200	177.958
116839	2206.69	-2200	355.917
133160	-1423.67	2200	854.201
70825	3600	1352.48	2633.79
111546	1067.75	-2200	818.609
39526	711.834	-676.242	2950
117993	2455.83	-2200	391.509
107953	284.734	-2200	-498.284
12814	142.367	-1423.67	-2950
11940	-106.775	-1886.36	-2950
14556	640.651	-711.834	-2950
81636	3600	889.792	-498.284
133209	-1423.67	2200	-889.792
110578	854.201	-2200	35.5917
25756	-3274.44	-462.692	2950
108117	320.325	-2200	-462.692
12811	142.367	-1530.44	-2950
41524	1281.3	391.509	2950
114359	1672.81	-2200	533.875
150215	2242.28	2200	-1281.3
112431	1245.71	-2200	-1316.89
16757	1281.3	-1174.53	-2950
108744	462.692	-2200	711.834
100764	-1245.71	-2200	2847.34
112106	1174.53	-2200	-1494.85
79427	3600	1067.75	142.367
112260	1210.12	-2200	-1103.34
38509	427.1	-1850.77	2950
76694	3600	106.775	925.384
153340	2918.52	2200	-925.384
137852	-427.1	2200	-1708.4
111103	960.976	-2200	-1032.16
17099	1388.08	-2135.5	-2950
47778	3096.48	-284.734	2950
105464	-249.142	-2200	-0
149684	2135.5	2200	-0
14551	640.651	-889.792	-2950
6510	-1708.4	1850.77	-2950
106790	35.5917	-2200	-213.55
122832	3487.99	-2200	-1530.44
87765	3600	142.367	-2277.87
78896	3600	-320.325	284.734
117868	2420.24	-2200	-1032.16
116166	2064.32	-2200	818.609
97167	-2028.73	-2200	1672.81
86689	3600	1245.71	-1957.54
66365	-3600	213.55	-1957.54
112723	1316.89	-2200	35.5917
74712	3600	-391.509	1494.85
111767	1103.34	-2200	-1174.53
18821	1886.36	-2135.5	-2950
118134	2491.42	-2200	1245.71
89636	3600	1067.75	-2811.74
21223	2562.6	177.958	-2950
114687	1743.99	-2200	605.059
24717	3559.17	1957.54	-2950
81753	3600	676.242	-533.875
112405	1245.71	-2200	-391.509
8876	-996.567	-1494.85	-2950
108285	355.917	-2200	-569.467
17537	1494.85	320.325	-2950
60911	-3600	-1281.3	-391.509
122137	3345.62	-2200	-284.734
61739	-3600	1921.95	-605.059
84606	3600	1530.44	-1352.48
112695	1316.89	-2200	1032.16
114789	1779.58	-2200	2847.34
71503	3600	-783.017	2420.24
20789	2455.83	-2135.5	-2950
78549	3600	462.692	391.509
77057	3600	-106.775	818.609
111979	1138.93	-2200	-2847.34
77430	3600	35.5917	711.834
86453	3600	1601.63	-1886.36
111130	960.976	-2200	-1993.13
85961	3600	1601.63	-1743.99
114414	1672.81	-2200	-1423.67
22085	2811.74	213.55	-2950
109657	640.651	-2200	-2420.24
76856	3600	1494.85	889.792
113880	1566.03	-2200	-35.5917
114245	1637.22	-2200	-1281.3
121411	3203.25	-2200	2064.32
11609	-213.55	-533.875	-2950
110096	747.426	-2200	-427.1
103523	-676.242	-2200	-1388.08
107132	106.775	-2200	-640.651
9632	-783.017	-854.201	-2950
8010	-1245.71	-1672.81	-2950
19746	2135.5	142.367	-2950
16919	1316.89	213.55	-2950
106797	35.5917	-2200	-462.692
78070	3600	925.384	533.875
39748	783.017	-1530.44	2950
86665	3600	391.509	-1957.54
108283	355.917	-2200	-498.284
29029	-2313.46	-2171.09	2950
12189	-35.5917	-1779.58	-2950
88737	3600	-284.734	-2562.6
23608	3238.84	1886.36	-2950
104365	-498.284	-2200	-1993.13
22901	3060.89	-1388.08	-2950
146608	1459.26	2200	-2099.91
137310	-533.875	2200	-35.5917
116186	2064.32	-2200	106.775
154623	3203.25	2200	391.509
119882	2847.34	-2200	-2242.28
94888	-2527.01	-2200	569.467
84720	3600	1210.12	-1388.08
15415	889.792	-783.017	-2950
110611	854.201	-2200	-1138.93
15186	818.609	-177.958	-2950
78492	3600	-1566.03	391.509
70180	3600	284.734	2811.74
11757	-177.958	355.917	-2950
113907	1566.03	-2200	-996.567
84902	3600	-1067.75	-1459.26
145715	1281.3	2200	320.325
126561	-2847.34	2200	818.609
119822	2847.34	-2200	-106.775
140608	177.958	2200	35.5917
78321	3600	1103.34	462.692
121548	3203.25	-2200	-2811.74
82575	3600	-711.834	-783.017
117974	2455.83	-2200	1067.75
154823	3238.84	2200	-854.201
12349	0	-462.692	-2950
30667	-1850.77	-783.017	2950
135716	-889.792	2200	-2028.73
99056	-1637.22	-2200	-960.976
15179	818.609	-427.1	-2950
107127	106.775	-2200	-462.692
104683	-427.1	-2200	-1566.03
105982	-142.367	-2200	-818.609
4830	-2171.09	-1032.16	-2950
104527	-462.692	-2200	-1886.36
23292	3167.66	-605.059	-2950
112685	1316.89	-2200	1388.08
119790	2847.34	-2200	1032.16
102348	-925.384	-2200	-676.242
76666	3600	-889.792	925.384
17047	1352.48	391.509	-2950
19151	1957.54	854.201	-2950
75985	3600	1138.93	1138.93
132517	-1566.03	2200	249.142
151368	2491.42	2200	-1210.12
148705	1921.95	2200	-391.509
119001	2669.38	-2200	-249.142
146898	1530.44	2200	-676.242
73562	3600	-1921.95	1815.18
23391	3203.25	-1459.26	-2950
86415	3600	249.142	-1886.36
112390	1245.71	-2200	142.367
112734	1316.89	-2200	-355.917
102844	-818.609	-2200	-711.834
75487	3600	925.384	1281.3
115479	1921.95	-2200	1779.58
78320	3600	1067.75	462.692
88609	3600	-462.692	-2527.01
112914	1352.48	-2200	-889.792
14292	569.467	-1352.48	-2950
80207	3600	-1815.18	-106.775
88165	3600	1245.71	-2384.64
119974	2882.93	-2200	355.917
141744	427.1	2200	711.834
155088	3310.03	2200	1459.26
150867	2384.64	2200	-996.567
71374	3600	-996.567	2455.83
117017	2242.28	-2200	-106.775
119622	2811.74	-2200	1138.93
153966	3060.89	2200	284.734
116872	2206.69	-2200	-818.609
110326	783.017	-2200	-2740.56
77694	3600	676.242	640.651
86821	3600	1566.03	-1993.13
116818	2206.69	-2200	1103.34
156101	3523.58	2200	640.651
86332	3600	1672.81	-1850.77
89745	3600	569.467	-2847.34
85353	3600	1850.77	-1566.03
23010	3096.48	-1886.36	-2950
149979	2206.69	2200	1245.71
85013	3600	-1494.85	-1494.85
61088	-3600	640.651	-427.1
142457	569.467	2200	-1174.53
147895	1743.99	2200	-925.384
96029	-2277.87	-2200	1067.75
39669	747.426	35.5917	2950
143216	747.426	2200	1174.53
13781	427.1	-2028.73	-2950
76858	3600	1566.03	889.792
16108	1067.75	1993.13	-2950
8612	-1067.75	-2135.5	-2950
88092	3600	-1352.48	-2384.64
144580	1032.16	2200	-391.509
156246	3559.17	2200	1352.48
82458	3600	-498.284	-747.426
107734	249.142	-2200	1423.67
71159	3600	106.775	2527.01
85257	3600	-1566.03	-1566.03
76160	3600	-1388.08	1067.75
22104	2811.74	889.792	-2950
146554	1459.26	2200	-177.958
107111	106.775	-2200	106.775
58517	-3600	1067.75	320.325
77016	3600	-1566.03	818.609
144129	925.384	2200	-1957.54
84758	3600	-1815.18	-1423.67
84026	3600	-1601.63	-1210.12
84930	3600	-71.1834	-1459.26
16249	1138.93	-1743.99	-2950
12358	0	-142.367	-2950
13665	391.509	-1779.58	-2950
84709	3600	818.609	-1388.08
105126	-320.325	-2200	284.734
88879	3600	391.509	-2598.19
111259	996.567	-2200	-711.834
114116	1601.63	-2200	-2562.6
22356	2882.93	1103.34	-2950
147504	1672.81	2200	1245.71
138776	-213.55	2200	640.651
148256	1815.18	2200	-2028.73
22352	2882.93	960.976	-2950
145072	1138.93	2200	-284.734
148587	1886.36	2200	-2064.32
79122	3600	-1032.16	213.55
86776	3600	-35.5917	-1993.13
145222	1174.53	2200	249.142
72926	3600	1708.4	2028.73
146795	1494.85	2200	-2882.93
130613	-1993.13	2200	-2455.83
7446	-1423.67	142.367	-2950
20186	2277.87	-1708.4	-2950
114102	1601.63	-2200	-2064.32
88108	3600	-783.017	-2384.64
146940	1530.44	2200	-2171.09
19268	1993.13	640.651	-2950
13386	284.734	1423.67	-2950
21793	2740.56	-1423.67	-2950
5858	-1886.36	533.875	-2950
109468	605.059	-2200	-1566.03
19875	2171.09	355.917	-2950
81542	3600	1921.95	-462.692
82574	3600	-747.426	-783.017
148957	1993.13	2200	2384.64
146177	1388.08	2200	1494.85
74700	3600	-818.609	1494.85
93811	-2776.15	-2200	-2206.69
154915	3274.44	2200	1743.99
133123	-1423.67	2200	2171.09
138138	-355.917	2200	-142.367
135471	-925.384	2200	818.609
144086	925.384	2200	-427.1
131319	-1815.18	2200	1779.58
44331	2099.91	-391.509	2950
106807	35.5917	-2200	-818.609
108779	462.692	-2200	-533.875
22814	3025.29	-106.775	-2950
10245	-605.059	-925.384	-2950
156171	3523.58	2200	-1850.77
139982	35.5917	2200	-1174.53
143124	711.834	2200	-1423.67
145088	1138.93	2200	-854.201
147385	1637.22	2200	-391.509
142760	640.651	2200	-213.55
152230	2669.38	2200	-2527.01
150076	2206.69	2200	-2206.69
